#                                  2C21 Current (nA):             IPM2C21A.VAL: 99.999001
#                                  2C24 Current (nA):             IPM2C24A.VAL: 99.999001
#                                  2H00 Current (nA):              IPM2H00.VAL: 99.999001
#                                  2H01 Current (nA):              IPM2H01.VAL: 99.999001
#                                  2H02 Current (nA):              IPM2H02.VAL: 99.999001
#                               2C21 X position (mm):            IPM2C21A.XPOS: 99.999001
#                               2C24 X position (mm):            IPM2C24A.XPOS: 99.999001
#                               2H00 X position (mm):             IPM2H00.XPOS: 99.999001
#                               2H01 X position (mm):             IPM2H01.XPOS: 99.999001
#                               2H02 X position (mm):             IPM2H02.XPOS: 99.999001
#                               2C21 Y position (mm):            IPM2C21A.YPOS: 99.999001
#                               2C24 Y position (mm):            IPM2C24A.YPOS: 99.999001
#                               2H00 Y position (mm):             IPM2H00.YPOS: 99.999001
#                               2H01 Y position (mm):             IPM2H01.YPOS: 99.999001
#                               2H02 Y position (mm):             IPM2H02.YPOS: 99.999001
#                              Tagger Current (Amps):              TMIRBCK.VAL: 99.999001
#                           Faraday Cup Current (nA):         scaler_calc1.VAL: 99.999001
#                                  Beam Energy (MeV):        MBSY2C_energy.VAL: 99.999001
#                    2C21 H corrector BDL (gauss-cm):             MBC2C21H.BDL: 99.999001
#                    2C21 V corrector BDL (gauss-cm):             MBC2C21V.BDL: 99.999001
#                    2C22 H corrector BDL (gauss-cm):             MBC2C22H.BDL: 99.999001
#                    2C23 V corrector BDL (gauss-cm):             MBC2C23V.BDL: 99.999001
#                    2H00 H corrector BDL (gauss-cm):             MBC2H00H.BDL: 99.999001
#                    2H00 V corrector BDL (gauss-cm):             MBC2H00V.BDL: 99.999001
#                    2H02 H corrector BDL (gauss-cm):             MBC2H02H.BDL: 99.999001
#                    2H02 V corrector BDL (gauss-cm):             MBC2H02V.BDL: 99.999001
25.017731 1000000 840 0 0 0 0 0 143 226 201 674 0 0 0 0 2305 -19699.000000 
25.065990 1000000 830 0 1 0 0 0 147 189 194 617 0 0 0 1 2337 -19737.000000 
25.115520 1000000 840 0 0 0 0 2 124 207 211 630 0 0 0 0 2321 -19776.000000 
25.166321 1000000 840 0 0 0 0 1 111 209 222 658 0 0 0 0 2326 -19816.000000 
25.215851 1000000 840 0 0 1 1 0 127 246 220 658 0 0 0 3 2321 -19855.000000 
25.266649 1000000 840 0 0 0 0 0 150 230 211 608 0 0 0 0 2323 -19895.000000 
25.316179 1000000 850 0 0 0 1 0 133 244 213 629 0 0 0 0 2322 -19934.000000 
25.365709 1000000 830 0 0 0 0 1 120 205 185 619 0 0 0 1 2345 -19973.000000 
25.416510 1000000 840 0 0 0 0 0 126 229 225 614 0 0 0 0 2341 -20013.000000 
25.466040 1000000 840 0 0 0 0 0 116 229 209 629 0 0 0 0 2337 -20052.000000 
25.516840 1000000 830 0 0 0 0 2 147 228 193 644 0 0 0 1 2339 -20092.000000 
25.566370 1000000 840 0 0 0 0 0 134 208 195 671 0 0 0 0 2326 -20131.000000 
25.615900 1000000 840 0 0 0 1 0 126 236 225 601 0 0 0 0 2324 -20170.000000 
25.666700 1000000 840 0 0 0 0 1 133 208 195 650 0 0 1 3 2327 -20210.000000 
25.716230 1000000 840 0 0 1 0 0 130 193 188 611 0 0 0 0 2326 -20249.000000 
25.768299 1000000 830 0 0 0 0 0 145 231 211 634 0 0 0 1 2328 -20290.000000 
25.816561 1000000 840 0 0 0 0 3 128 225 200 653 0 1 0 0 2305 -20328.000000 
25.868629 1000000 830 0 0 1 0 0 122 231 216 634 0 0 0 1 2318 -20369.000000 
25.916889 1000000 830 0 0 0 1 0 137 195 217 610 0 0 0 0 2317 -20407.000000 
25.966419 1000000 840 0 0 0 0 0 150 229 192 687 0 0 0 0 2327 -20446.000000 
26.017220 1000000 840 0 0 0 0 0 152 210 193 599 0 0 0 1 2311 -20486.000000 
26.066750 1000000 830 0 0 0 0 1 136 220 208 655 0 0 0 1 2312 -20525.000000 
26.116280 1000000 850 0 0 0 0 0 116 238 199 624 0 0 0 1 2329 -20564.000000 
26.167080 1000000 830 0 0 0 0 0 131 255 201 655 0 0 0 0 2328 -20604.000000 
26.216610 1000000 840 0 0 0 0 0 123 224 236 617 0 0 0 0 2323 -20643.000000 
26.267410 1000000 850 0 0 0 0 0 142 219 185 622 0 0 0 1 2339 -20683.000000 
26.316940 1000000 830 0 0 1 0 1 145 227 215 645 0 0 0 0 2335 -20722.000000 
26.367741 1000000 840 0 1 1 0 0 126 235 221 636 0 0 0 1 2317 -20762.000000 
26.417271 1000000 840 1 0 0 0 0 124 202 209 627 0 0 0 2 2325 -20801.000000 
26.466801 1000000 840 0 0 0 1 0 128 235 202 598 0 0 0 0 2329 -20840.000000 
26.567129 1000000 840 0 0 0 3 0 119 207 218 634 0 0 0 4 2333 -20919.000000 
26.616659 1000000 840 1 2 0 4 0 118 199 214 651 0 1 0 1 2322 -20958.000000 
26.667459 1000000 840 0 0 0 5 0 135 249 194 609 0 0 1 3 2312 -20998.000000 
26.716990 1000000 840 0 0 0 6 0 124 224 217 597 1 1 1 4 2317 -21037.000000 
26.767790 1000000 840 1 6 0 9 0 134 217 199 631 0 1 1 2 2318 -21077.000000 
26.817320 1000000 840 4 4 0 8 1 118 229 189 630 4 1 4 6 2327 -21116.000000 
26.866850 1000000 830 8 9 1 16 0 123 218 206 643 2 0 1 9 2344 -21155.000000 
26.917650 1000000 840 13 15 1 27 0 117 212 215 574 0 6 1 14 2328 -21195.000000 
26.967180 1000000 840 8 21 4 51 0 140 236 203 659 3 4 7 20 2319 -21234.000000 
27.017981 1000000 830 15 27 3 52 0 109 230 210 615 2 5 8 15 2315 -21274.000000 
27.067511 1000000 840 17 37 3 42 0 124 238 213 638 2 5 9 26 2324 -21313.000000 
27.117041 1000000 840 17 55 2 84 0 131 221 208 598 7 12 10 45 2343 -21352.000000 
27.167839 1000000 830 29 70 3 115 0 147 214 214 650 5 18 13 52 2309 -21392.000000 
27.217369 1000000 830 39 58 3 160 0 152 219 228 633 7 25 24 64 2326 -21431.000000 
27.268169 1000000 830 53 85 4 186 0 143 216 231 615 10 18 27 93 2345 -21471.000000 
27.317699 1000000 830 61 123 10 219 0 132 258 230 685 20 39 27 119 2351 -21510.000000 
27.367229 1000000 840 85 169 3 256 0 133 228 228 663 22 37 46 147 2354 -21549.000000 
27.418030 1000000 840 91 164 9 320 0 133 240 236 651 25 37 41 149 2345 -21589.000000 
27.467560 1000000 830 103 188 8 322 0 141 211 226 659 24 42 39 180 2341 -21628.000000 
27.518360 1000000 830 95 194 10 356 0 163 230 209 731 28 49 45 189 2360 -21668.000000 
27.567890 1000000 830 79 208 5 327 0 146 228 241 664 30 49 45 213 2369 -21707.000000 
27.617420 1000000 830 113 194 5 384 0 138 246 247 711 26 53 35 177 2366 -21746.000000 
27.668221 1000000 840 84 184 4 306 0 121 244 226 674 21 52 57 172 2375 -21786.000000 
27.717751 1000000 840 93 178 5 258 1 122 238 230 685 18 47 39 146 2373 -21825.000000 
27.768551 1000000 850 70 166 7 211 0 131 209 221 689 23 35 29 121 2380 -21865.000000 
27.818081 1000000 840 74 129 4 211 1 141 250 189 640 13 41 36 114 2354 -21904.000000 
27.868879 1000000 830 51 100 2 154 0 142 230 178 663 14 19 22 98 2368 -21944.000000 
27.918409 1000000 840 36 65 2 121 0 123 248 239 694 3 15 21 65 2344 -21983.000000 
28.018740 1000000 840 34 52 5 86 1 137 218 208 615 5 11 12 50 2345 -22062.000000 
28.068270 1000000 840 19 43 3 66 0 120 235 199 645 5 10 14 35 2325 -22101.000000 
28.117800 1000000 840 15 24 1 42 1 124 206 210 662 3 8 7 21 2334 -22140.000000 
28.168600 1000000 840 7 19 1 24 0 121 186 212 611 4 3 3 14 2339 -22180.000000 
28.218130 1000000 840 5 5 0 8 0 135 211 233 612 2 2 1 3 2330 -22219.000000 
28.270201 1000000 850 0 9 0 9 0 130 222 228 619 1 0 1 6 2330 -22260.000000 
28.318460 1000000 830 4 8 0 7 0 120 233 197 643 0 0 0 4 2319 -22298.000000 
28.367990 1000000 840 1 0 0 1 2 129 229 201 602 1 1 1 3 2338 -22337.000000 
28.418791 1000000 840 0 0 2 0 0 129 220 191 677 0 1 0 2 2333 -22377.000000 
28.468321 1000000 840 1 1 0 0 0 134 226 217 575 0 0 0 1 2327 -22416.000000 
28.519119 1000000 840 0 0 0 0 0 131 201 209 639 0 0 0 1 2326 -22456.000000 
28.568649 1000000 840 0 0 0 0 0 111 236 209 616 0 0 1 0 2315 -22495.000000 
28.618179 1000000 830 0 0 0 1 0 114 224 227 634 0 0 0 1 2327 -22534.000000 
28.668980 1000000 840 0 0 0 1 0 134 228 221 667 0 0 0 2 2331 -22574.000000 
28.718510 1000000 830 0 0 0 0 0 150 208 196 603 0 0 0 1 2322 -22613.000000 
28.769310 1000000 830 0 0 0 1 0 105 218 211 608 0 0 0 0 2301 -22653.000000 
28.818840 1000000 840 0 0 0 0 0 132 241 211 642 0 0 0 1 2325 -22692.000000 
28.869640 1000000 830 0 0 0 0 0 125 220 217 580 0 0 0 0 2304 -22732.000000 
28.920441 1000000 840 0 0 1 1 0 134 208 218 609 0 0 0 0 2313 -22772.000000 
28.968700 1000000 840 0 0 0 0 0 159 201 193 635 0 0 0 0 2300 -22810.000000 
29.019501 1000000 830 0 0 0 0 1 148 223 227 581 0 0 0 1 2307 -22850.000000 
29.069031 1000000 840 0 0 0 0 0 142 225 188 593 0 0 0 0 2326 -22889.000000 
29.119829 1000000 830 0 0 1 0 0 115 231 196 597 0 0 0 0 2332 -22929.000000 
29.169359 1000000 840 0 0 0 0 0 120 237 202 597 0 0 0 2 2333 -22968.000000 
29.218889 1000000 840 0 0 0 1 0 116 236 226 622 0 0 0 2 2359 -23007.000000 
29.269690 1000000 830 0 0 0 0 0 137 215 234 644 0 0 0 0 2345 -23047.000000 
29.319220 1000000 840 0 0 0 0 0 136 212 203 652 0 0 0 0 2337 -23086.000000 
29.368750 1000000 840 0 0 0 0 0 157 222 222 636 0 0 0 0 2333 -23125.000000 
29.419550 1000000 830 0 0 0 0 0 148 215 209 638 0 0 0 0 2314 -23165.000000 
29.469080 1000000 840 0 0 0 1 0 119 228 208 654 0 0 0 2 2312 -23204.000000 
29.569410 1000000 840 0 0 0 0 0 137 234 197 659 0 0 0 0 2327 -23283.000000 
29.618940 1000000 830 0 0 0 1 1 119 194 206 568 0 0 0 0 2312 -23322.000000 
29.669741 1000000 840 0 0 0 0 0 126 245 229 604 0 0 0 1 2316 -23362.000000 
29.719271 1000000 840 0 0 0 1 0 122 220 195 608 0 0 0 1 2327 -23401.000000 
29.770069 1000000 830 0 0 0 1 0 127 217 211 581 0 0 0 1 2323 -23441.000000 
29.819599 1000000 840 0 0 0 0 1 149 227 209 617 0 0 0 1 2304 -23480.000000 
29.869129 1000000 840 0 0 0 0 0 138 229 197 621 0 0 0 1 2331 -23519.000000 
29.919930 1000000 840 0 0 0 0 0 138 222 198 602 0 0 0 0 2300 -23559.000000 
29.969460 1000000 830 0 0 0 0 0 117 233 208 600 0 0 0 1 2311 -23598.000000 
30.020260 1000000 840 0 0 0 0 0 140 228 202 618 0 0 0 0 2311 -23638.000000 
30.069790 1000000 840 0 0 0 1 0 134 246 166 638 0 0 0 0 2323 -23677.000000 
30.119320 1000000 840 0 0 1 0 0 131 214 220 637 1 0 0 2 2336 -23716.000000 
30.170120 1000000 830 0 0 0 1 2 143 214 205 592 0 0 0 1 2335 -23756.000000 
30.219650 1000000 850 0 0 0 1 0 136 225 197 613 0 0 0 0 2346 -23795.000000 
30.270451 1000000 840 0 0 0 0 1 130 205 228 660 0 0 0 1 2354 -23835.000000 
30.319981 1000000 840 0 0 0 0 0 130 240 213 609 0 0 0 1 2350 -23874.000000 
30.369511 1000000 840 0 0 0 0 1 137 242 225 661 0 0 0 0 2331 -23913.000000 
30.420309 1000000 830 0 0 0 0 0 131 192 192 616 0 0 0 0 2335 -23953.000000 
30.469839 1000000 840 0 0 0 0 0 127 241 194 589 0 0 0 0 2339 -23992.000000 
30.520639 1000000 840 0 0 1 1 0 125 210 199 650 0 0 0 0 2330 -24032.000000 
30.570169 1000000 840 0 0 0 0 0 135 248 183 622 0 0 0 1 2325 -24071.000000 
30.619699 1000000 840 0 0 0 0 0 139 227 218 619 0 0 0 0 2333 -24110.000000 
30.670500 1000000 840 0 0 0 1 1 136 217 226 633 0 0 0 0 2315 -24150.000000 
30.720030 1000000 830 0 0 0 1 0 129 228 198 612 0 0 0 0 2330 -24189.000000 
30.772100 1000000 840 0 0 0 0 0 140 240 209 660 0 0 0 1 2349 -24230.000000 
30.820360 1000000 840 0 0 0 0 0 122 208 206 647 0 0 0 1 2317 -24268.000000 
30.869890 1000000 840 0 0 1 1 0 134 258 214 636 0 0 0 1 2325 -24307.000000 
30.920691 1000000 830 0 0 0 1 1 147 205 205 631 0 0 0 0 2308 -24347.000000 
30.971491 1000000 840 0 0 0 1 0 127 209 197 664 0 0 0 1 2316 -24387.000000 
31.021021 1000000 830 0 0 0 0 0 127 226 242 599 0 0 0 1 2310 -24426.000000 
31.121349 1000000 840 0 0 0 0 0 162 216 198 614 0 0 0 2 2322 -24505.000000 
31.170879 1000000 840 0 0 0 0 0 155 210 195 622 0 0 0 0 2334 -24544.000000 
31.220409 1000000 840 0 0 0 0 0 129 189 218 588 0 0 1 0 2347 -24583.000000 
31.271210 1000000 850 0 0 0 0 0 132 219 209 664 0 0 0 0 2351 -24623.000000 
31.320740 1000000 840 0 0 0 0 0 138 217 222 680 0 0 0 1 2353 -24662.000000 
31.371540 1000000 850 0 0 1 0 0 161 211 206 638 0 0 0 1 2351 -24702.000000 
31.421070 1000000 840 0 0 1 0 0 123 239 202 622 0 0 0 0 2349 -24741.000000 
31.470600 1000000 840 0 0 0 0 0 140 233 212 641 0 0 0 0 2341 -24780.000000 
31.521400 1000000 840 0 0 0 0 0 126 237 198 663 0 0 0 0 2335 -24820.000000 
31.570930 1000000 830 0 0 0 0 0 131 231 221 652 0 0 0 0 2333 -24859.000000 
31.621731 1000000 840 0 0 0 0 1 116 246 212 654 0 0 0 0 2336 -24899.000000 
31.671261 1000000 850 0 0 0 0 0 128 230 222 643 0 0 0 0 2319 -24938.000000 
31.720791 1000000 830 0 0 0 0 0 123 225 233 598 0 0 0 1 2325 -24977.000000 
31.771589 1000000 840 0 0 0 0 0 130 224 209 616 0 0 0 0 2329 -25017.000000 
31.821119 1000000 850 0 0 0 1 0 119 231 214 652 0 0 0 0 2337 -25056.000000 
31.871920 1000000 830 0 0 0 0 0 120 246 190 609 0 0 0 0 2328 -25096.000000 
31.921450 1000000 840 0 0 0 1 1 146 238 218 592 0 0 0 0 2323 -25135.000000 
31.970980 1000000 840 0 0 0 3 0 128 224 195 587 0 0 0 0 2326 -25174.000000 
32.021778 1000000 830 0 0 0 0 1 130 208 207 594 0 0 0 1 2326 -25214.000000 
32.071308 1000000 850 0 0 0 0 0 140 225 219 619 0 0 0 1 2359 -25253.000000 
32.122108 1000000 840 0 0 0 0 0 134 219 219 625 0 0 0 0 2353 -25293.000000 
32.171638 1000000 840 0 0 0 0 0 147 237 179 622 0 0 0 1 2351 -25332.000000 
32.221169 1000000 850 0 0 0 0 1 150 208 202 619 0 0 0 0 2356 -25371.000000 
32.271969 1000000 840 0 0 0 0 0 110 233 223 644 0 0 0 1 2359 -25411.000000 
32.321499 1000000 840 0 0 0 1 0 126 235 222 625 0 0 0 0 2366 -25450.000000 
32.372299 1000000 840 0 0 0 0 0 127 219 203 607 0 0 0 1 2362 -25490.000000 
32.421829 1000000 840 0 0 0 1 0 144 222 204 668 0 0 0 0 2350 -25529.000000 
32.471359 1000000 840 0 0 1 0 0 137 239 195 623 0 0 0 0 2353 -25568.000000 
32.522160 1000000 840 0 0 0 0 0 145 242 191 683 0 0 0 1 2337 -25608.000000 
32.571690 1000000 850 0 0 0 0 1 130 238 191 638 0 0 0 0 2360 -25647.000000 
32.672020 1000000 840 0 0 0 0 0 127 233 200 654 0 0 0 0 2353 -25726.000000 
32.721550 1000000 850 0 0 0 0 0 135 234 199 584 0 0 0 1 2343 -25765.000000 
32.772350 1000000 830 0 0 0 1 0 150 230 183 649 0 0 0 0 2349 -25805.000000 
32.821880 1000000 840 0 0 0 0 0 118 249 210 639 0 0 0 0 2341 -25844.000000 
32.871410 1000000 840 0 0 0 1 0 143 251 211 630 0 0 0 0 2342 -25883.000000 
32.922211 1000000 840 0 1 1 0 0 145 248 206 648 0 0 0 0 2353 -25923.000000 
32.971741 1000000 840 0 0 0 0 0 138 250 194 643 0 0 0 1 2332 -25962.000000 
33.022541 1000000 830 0 0 0 0 0 126 220 221 605 0 0 0 0 2317 -26002.000000 
33.072071 1000000 840 0 0 0 0 0 144 210 194 598 0 0 0 0 2336 -26041.000000 
33.121601 1000000 830 0 0 0 1 0 125 206 200 636 0 0 0 0 2323 -26080.000000 
33.172401 1000000 830 0 0 0 0 1 136 221 210 645 0 0 0 1 2336 -26120.000000 
33.221931 1000000 830 0 0 0 0 0 139 231 203 642 0 0 0 0 2324 -26159.000000 
33.273998 1000000 850 0 0 1 0 0 126 228 192 642 0 0 0 0 2358 -26200.000000 
33.322262 1000000 840 0 0 0 1 0 134 208 224 620 0 0 0 1 2353 -26238.000000 
33.371792 1000000 840 0 0 0 0 0 128 189 195 628 0 0 0 0 2327 -26277.000000 
33.422588 1000000 840 0 0 1 0 0 127 203 199 621 0 0 0 0 2333 -26317.000000 
33.472118 1000000 840 0 0 0 0 0 137 221 209 637 0 0 0 0 2338 -26356.000000 
33.522919 1000000 830 0 0 0 0 0 118 232 219 610 0 0 0 0 2327 -26396.000000 
33.572449 1000000 850 0 0 0 0 0 146 219 190 621 0 0 0 1 2365 -26435.000000 
33.621979 1000000 840 0 0 0 0 0 147 237 211 660 0 0 0 0 2385 -26474.000000 
33.672779 1000000 850 0 0 0 0 1 146 209 212 651 0 0 0 0 2391 -26514.000000 
33.722309 1000000 850 0 0 0 0 1 148 220 242 634 0 0 0 0 2396 -26553.000000 
33.773109 1000000 840 0 0 0 0 0 149 195 204 657 0 0 0 0 2372 -26593.000000 
33.822639 1000000 850 0 0 0 0 0 152 235 225 703 0 0 0 2 2372 -26632.000000 
33.873440 1000000 840 0 0 0 0 1 138 239 217 631 0 0 0 1 2376 -26672.000000 
33.922970 1000000 840 0 0 0 0 0 147 181 229 638 0 0 0 0 2376 -26711.000000 
33.972500 1000000 840 0 0 0 0 1 132 234 213 646 0 0 0 0 2387 -26750.000000 
34.023300 1000000 850 0 0 0 1 0 165 227 220 594 0 0 0 0 2390 -26790.000000 
34.074100 1000000 850 0 0 0 0 0 137 197 205 641 0 0 0 0 2392 -26830.000000 
34.123631 1000000 850 0 0 0 0 0 122 223 213 654 0 0 1 1 2396 -26869.000000 
34.222691 1000000 860 0 0 0 1 0 139 210 220 592 0 0 0 1 2400 -26947.000000 
34.273491 1000000 850 0 0 0 0 0 139 211 204 588 0 0 0 0 2364 -26987.000000 
34.323021 1000000 840 0 0 0 0 0 138 214 223 598 0 0 0 1 2356 -27026.000000 
34.373821 1000000 840 0 0 0 1 0 136 234 203 668 0 0 0 0 2364 -27066.000000 
34.423351 1000000 840 0 0 1 1 0 137 220 220 661 0 0 0 0 2383 -27105.000000 
34.472881 1000000 840 0 0 0 0 1 129 223 215 661 0 0 0 1 2358 -27144.000000 
34.523682 1000000 840 0 0 0 1 0 142 234 203 635 0 0 0 0 2366 -27184.000000 
34.573212 1000000 840 0 0 0 0 1 133 197 212 647 0 0 0 0 2376 -27223.000000 
34.624008 1000000 850 0 0 0 0 1 149 230 199 645 0 0 0 1 2368 -27263.000000 
34.673538 1000000 840 0 0 0 0 0 142 240 222 602 0 0 0 1 2392 -27302.000000 
34.723068 1000000 850 0 0 0 1 0 130 243 224 657 0 0 0 1 2386 -27341.000000 
34.773869 1000000 850 0 0 0 0 0 120 221 228 651 0 0 0 0 2400 -27381.000000 
34.823399 1000000 850 0 0 0 0 1 156 243 236 611 0 0 0 0 2393 -27420.000000 
34.874199 1000000 850 0 0 0 0 0 141 193 208 646 0 0 0 2 2369 -27460.000000 
34.923729 1000000 840 0 0 0 1 1 146 233 208 649 0 0 0 0 2371 -27499.000000 
34.973259 1000000 840 0 0 0 0 0 135 224 198 617 0 0 0 0 2360 -27538.000000 
35.024059 1000000 850 0 0 0 0 0 128 249 206 639 0 0 0 1 2383 -27578.000000 
35.073589 1000000 850 0 0 0 0 0 147 227 206 574 0 0 0 0 2370 -27617.000000 
35.124390 1000000 840 0 0 0 0 0 142 246 210 596 0 0 0 0 2375 -27657.000000 
35.173920 1000000 850 0 0 0 0 1 133 225 199 594 0 0 0 0 2379 -27696.000000 
35.223450 1000000 840 0 0 0 0 0 119 209 192 614 0 0 0 1 2374 -27735.000000 
35.274250 1000000 840 0 0 0 0 1 134 243 214 677 0 0 0 1 2375 -27775.000000 
35.323780 1000000 860 0 0 1 1 0 142 248 221 618 0 0 0 1 2381 -27814.000000 
35.374580 1000000 850 0 0 0 0 0 122 210 189 650 0 0 0 1 2421 -27854.000000 
35.424110 1000000 850 0 0 0 0 2 127 234 210 623 0 0 0 1 2434 -27893.000000 
35.473640 1000000 870 0 0 0 0 0 141 231 235 650 0 0 0 1 2429 -27932.000000 
35.524441 1000000 850 0 0 1 0 0 123 244 205 661 0 0 0 0 2426 -27972.000000 
35.573971 1000000 850 0 0 0 0 0 133 228 219 665 0 0 0 0 2436 -28011.000000 
35.624771 1000000 860 0 0 0 0 0 126 227 223 655 0 0 0 1 2428 -28051.000000 
35.674301 1000000 850 0 0 0 0 0 156 242 219 643 0 0 0 0 2437 -28090.000000 
35.723831 1000000 860 0 0 0 0 0 136 239 190 660 0 0 0 1 2430 -28129.000000 
35.824162 1000000 860 0 0 0 0 1 160 248 214 614 0 0 0 1 2418 -28208.000000 
35.874962 1000000 860 0 0 0 0 1 110 240 229 638 0 0 1 3 2421 -28248.000000 
35.924492 1000000 850 0 0 0 0 0 144 234 221 618 0 0 0 0 2397 -28287.000000 
35.974018 1000000 850 0 0 0 0 0 138 222 194 692 0 0 0 1 2409 -28326.000000 
36.024818 1000000 860 0 0 0 0 0 133 220 227 595 0 0 0 2 2410 -28366.000000 
36.074348 1000000 850 0 0 0 1 0 159 216 206 640 0 0 0 2 2404 -28405.000000 
36.123878 1000000 860 0 0 0 0 0 140 243 184 647 0 0 0 1 2406 -28444.000000 
36.174679 1000000 850 0 0 0 0 0 136 201 209 609 0 0 0 1 2415 -28484.000000 
36.224209 1000000 860 0 0 0 0 1 146 237 207 636 0 0 0 1 2406 -28523.000000 
36.275009 1000000 850 0 0 0 0 1 119 235 192 645 0 0 0 0 2398 -28563.000000 
36.324539 1000000 850 0 0 0 0 0 151 199 237 649 0 0 0 0 2373 -28602.000000 
36.375340 1000000 850 0 0 0 0 1 147 222 216 649 0 0 0 0 2387 -28642.000000 
36.424870 1000000 840 0 0 0 1 1 126 242 202 611 0 0 0 0 2377 -28681.000000 
36.474400 1000000 850 0 0 0 2 0 139 208 210 596 0 0 0 0 2359 -28720.000000 
36.525200 1000000 850 0 0 0 0 0 138 220 197 626 0 0 0 0 2385 -28760.000000 
36.574730 1000000 840 0 0 0 0 1 112 202 231 660 0 0 0 1 2365 -28799.000000 
36.624260 1000000 850 0 0 0 1 0 145 232 213 637 0 0 0 0 2397 -28838.000000 
36.675060 1000000 850 0 0 0 0 0 137 223 215 611 1 0 0 0 2404 -28878.000000 
36.724590 1000000 850 0 0 0 0 0 125 229 210 630 0 0 0 0 2382 -28917.000000 
36.775391 1000000 850 0 0 0 0 0 140 239 198 661 0 0 0 3 2390 -28957.000000 
36.824921 1000000 840 0 0 0 0 1 150 214 220 645 0 0 0 1 2373 -28996.000000 
36.875721 1000000 850 0 0 0 0 0 133 197 213 587 0 0 0 0 2367 -29036.000000 
36.925251 1000000 840 0 0 0 0 0 132 206 211 626 0 0 0 0 2355 -29075.000000 
36.974781 1000000 840 0 0 0 0 0 121 201 195 621 0 0 0 1 2357 -29114.000000 
37.025581 1000000 840 0 0 0 0 0 141 224 211 650 0 0 0 1 2360 -29154.000000 
37.076382 1000000 840 0 0 0 0 0 121 214 192 629 0 0 1 1 2358 -29194.000000 
37.125912 1000000 840 0 0 0 0 1 137 210 221 654 0 0 1 0 2371 -29233.000000 
37.175442 1000000 840 0 0 0 0 0 128 237 211 672 0 0 0 0 2348 -29272.000000 
37.224972 1000000 850 0 0 1 0 1 139 236 209 609 0 0 0 0 2339 -29311.000000 
37.325298 1000000 840 0 0 1 0 0 131 211 217 608 0 0 0 1 2362 -29390.000000 
37.376099 1000000 840 1 0 0 0 0 137 257 208 583 0 0 0 2 2344 -29430.000000 
37.425629 1000000 840 0 0 0 0 0 125 242 176 622 0 0 0 0 2328 -29469.000000 
37.475159 1000000 840 0 0 0 0 1 143 229 197 654 0 0 0 0 2313 -29508.000000 
37.525959 1000000 840 0 0 0 0 0 121 216 214 613 0 0 0 0 2292 -29548.000000 
37.575489 1000000 840 0 0 0 1 0 121 202 196 637 0 0 0 3 2306 -29587.000000 
37.626289 1000000 840 0 0 0 0 0 122 224 217 614 0 0 0 0 2320 -29627.000000 
37.675819 1000000 840 0 0 0 0 0 121 212 199 639 0 0 1 1 2337 -29666.000000 
37.725349 1000000 840 0 0 0 0 0 136 230 225 655 0 0 0 2 2357 -29705.000000 
37.776150 1000000 840 0 0 0 0 0 159 226 217 666 0 0 0 1 2341 -29745.000000 
37.825680 1000000 840 0 0 0 0 0 141 219 201 550 0 0 0 0 2352 -29784.000000 
37.876480 1000000 850 0 0 0 0 0 123 223 203 650 0 0 0 0 2345 -29824.000000 
37.926010 1000000 840 0 0 0 0 0 117 239 187 609 0 0 0 0 2347 -29863.000000 
37.975540 1000000 840 0 0 0 1 0 164 202 192 592 0 0 0 0 2341 -29902.000000 
38.026340 1000000 850 0 0 0 0 0 129 207 210 587 0 0 0 0 2352 -29942.000000 
38.077141 1000000 840 0 0 0 0 0 140 250 215 663 0 0 0 0 2360 -29982.000000 
38.125401 1000000 850 0 0 0 1 0 127 228 212 634 0 0 0 0 2365 -30020.000000 
38.176201 1000000 830 0 0 0 0 1 140 213 194 656 0 0 1 0 2335 -30060.000000 
38.225731 1000000 850 0 0 0 0 0 145 222 199 613 0 0 0 1 2362 -30099.000000 
38.277802 1000000 850 0 0 1 0 2 127 212 187 634 0 0 0 0 2350 -30140.000000 
38.326061 1000000 840 0 0 0 0 0 142 248 206 629 0 0 0 2 2350 -30178.000000 
38.376862 1000000 840 0 0 0 0 1 133 216 218 661 0 0 0 0 2339 -30218.000000 
38.426392 1000000 840 0 0 0 0 1 120 242 183 618 0 0 0 0 2355 -30257.000000 
38.475922 1000000 840 0 0 0 1 2 115 221 204 624 0 0 0 0 2335 -30296.000000 
38.526718 1000000 840 0 0 0 0 0 131 221 227 613 0 0 0 1 2344 -30336.000000 
38.576248 1000000 840 0 0 0 0 0 134 216 225 620 0 0 0 0 2338 -30375.000000 
38.625778 1000000 840 0 0 0 0 0 122 220 227 694 0 0 0 2 2351 -30414.000000 
38.676579 1000000 840 0 0 2 0 0 150 231 206 641 0 0 0 0 2349 -30454.000000 
38.727379 1000000 840 0 0 0 0 1 112 226 208 640 0 0 0 2 2350 -30494.000000 
38.776909 1000000 840 0 0 0 0 0 132 212 209 600 0 0 0 1 2338 -30533.000000 
38.877239 1000000 840 0 0 0 0 0 134 218 203 583 0 0 0 1 2343 -30612.000000 
38.926769 1000000 840 0 0 1 0 0 107 233 229 606 0 0 0 2 2341 -30651.000000 
38.976299 1000000 850 0 0 0 0 0 131 223 228 599 0 0 0 0 2357 -30690.000000 
39.027100 1000000 840 0 0 0 0 0 145 224 205 676 0 0 0 1 2392 -30730.000000 
39.076630 1000000 850 0 0 0 0 0 123 216 176 630 0 0 0 0 2382 -30769.000000 
39.126160 1000000 860 0 0 0 0 0 130 217 210 595 0 0 0 0 2403 -30808.000000 
39.176960 1000000 850 0 0 0 0 0 147 204 196 587 0 0 0 0 2392 -30848.000000 
39.226490 1000000 850 0 0 0 0 0 116 229 187 680 0 0 0 1 2387 -30887.000000 
39.277290 1000000 850 0 0 0 0 1 144 199 224 604 0 0 0 1 2374 -30927.000000 
39.326820 1000000 840 0 0 0 0 0 143 222 217 648 0 0 0 1 2366 -30966.000000 
39.377621 1000000 850 0 0 0 0 0 116 228 205 638 0 0 0 0 2378 -31006.000000 
39.427151 1000000 840 1 0 0 0 0 127 204 213 650 0 0 0 0 2365 -31045.000000 
39.476681 1000000 840 0 0 0 0 1 122 213 196 664 0 0 0 0 2367 -31084.000000 
39.527481 1000000 840 0 0 0 0 0 152 206 203 670 0 0 0 1 2358 -31124.000000 
39.577011 1000000 850 0 0 0 1 1 151 241 201 695 0 0 0 0 2394 -31163.000000 
39.626541 1000000 850 0 0 0 1 0 133 234 207 637 0 0 0 0 2391 -31202.000000 
39.677341 1000000 850 0 0 0 0 0 132 210 204 639 0 0 0 1 2376 -31242.000000 
39.726871 1000000 840 0 0 0 0 0 147 241 225 616 0 0 0 0 2376 -31281.000000 
39.777672 1000000 850 0 0 0 0 0 121 210 199 638 0 0 0 0 2374 -31321.000000 
39.827202 1000000 840 0 0 0 0 0 132 222 199 650 0 0 0 0 2366 -31360.000000 
39.877998 1000000 840 0 0 0 1 0 123 210 222 636 0 0 0 0 2364 -31400.000000 
39.927528 1000000 850 0 0 0 1 1 137 222 217 608 0 0 0 1 2372 -31439.000000 
39.978329 1000000 840 0 0 0 1 0 144 202 213 659 0 0 0 0 2363 -31479.000000 
40.027859 1000000 840 0 0 0 0 1 136 222 216 641 0 0 1 1 2349 -31518.000000 
40.077389 1000000 840 0 0 0 0 0 117 227 210 622 0 0 0 2 2354 -31557.000000 
40.128189 1000000 850 0 0 0 0 0 127 223 188 690 0 0 0 1 2365 -31597.000000 
40.177719 1000000 840 0 0 0 0 0 141 253 172 649 0 0 0 0 2374 -31636.000000 
40.228519 1000000 840 0 0 0 0 0 141 209 217 606 0 0 0 0 2373 -31676.000000 
40.278049 1000000 840 0 0 0 0 1 119 215 206 642 0 0 0 2 2359 -31715.000000 
40.328850 1000000 840 0 0 0 1 0 115 233 198 643 0 0 0 0 2380 -31755.000000 
40.378380 1000000 850 0 0 1 0 0 139 249 226 615 0 0 0 1 2381 -31794.000000 
40.478710 1000000 840 0 0 0 0 0 150 210 215 660 0 0 0 0 2381 -31873.000000 
40.528240 1000000 840 0 0 1 0 0 147 211 206 614 0 0 0 1 2372 -31912.000000 
40.577770 1000000 850 0 0 0 0 0 140 219 226 673 0 0 0 0 2389 -31951.000000 
40.628571 1000000 850 0 0 0 0 0 113 191 214 593 0 0 0 0 2357 -31991.000000 
40.678101 1000000 830 0 0 0 0 0 129 219 194 555 0 0 0 0 2365 -32030.000000 
40.727631 1000000 850 0 0 0 0 0 114 253 218 686 0 0 0 1 2375 -32069.000000 
40.779701 1000000 850 0 0 0 0 1 133 216 233 627 0 0 0 0 2381 -32110.000000 
40.827961 1000000 840 0 0 0 0 0 135 237 188 593 0 0 0 1 2386 -32148.000000 
40.878761 1000000 860 0 0 0 0 1 133 232 223 635 0 0 0 1 2381 -32188.000000 
40.928291 1000000 840 0 0 0 0 0 143 249 205 632 0 0 0 0 2366 -32227.000000 
40.977821 1000000 840 0 0 0 0 0 155 204 188 621 0 0 0 0 2375 -32266.000000 
41.028622 1000000 850 0 0 0 0 0 141 209 228 643 0 0 0 0 2373 -32306.000000 
41.078152 1000000 840 0 0 0 0 2 134 226 216 588 0 0 0 1 2370 -32345.000000 
41.130219 1000000 850 0 0 0 0 0 159 197 211 662 0 0 0 0 2375 -32386.000000 
41.178478 1000000 840 0 0 0 1 2 151 232 204 620 0 0 0 0 2368 -32424.000000 
41.228008 1000000 830 0 0 0 0 0 143 248 210 608 0 0 0 0 2362 -32463.000000 
41.278809 1000000 840 0 0 0 0 0 131 210 213 618 0 0 0 0 2344 -32503.000000 
41.328339 1000000 840 0 0 0 1 1 138 246 199 635 0 0 0 1 2368 -32542.000000 
41.379139 1000000 840 0 0 0 1 0 136 221 210 629 0 0 0 1 2379 -32582.000000 
41.428669 1000000 850 0 0 0 0 0 150 211 226 622 0 0 0 1 2375 -32621.000000 
41.478199 1000000 840 0 0 0 1 0 129 212 214 682 0 0 0 1 2359 -32660.000000 
41.528999 1000000 850 0 0 0 0 0 141 211 208 634 0 0 0 0 2401 -32700.000000 
41.578529 1000000 850 0 0 0 0 1 134 214 229 644 0 0 0 1 2389 -32739.000000 
41.629330 1000000 840 0 0 0 0 0 138 227 209 649 0 0 0 0 2396 -32779.000000 
41.678860 1000000 840 0 0 1 0 0 112 226 194 644 0 0 0 1 2382 -32818.000000 
41.728390 1000000 850 0 0 0 0 0 121 218 202 616 0 0 0 1 2384 -32857.000000 
41.779190 1000000 840 0 0 0 2 0 131 226 217 606 0 0 0 1 2412 -32897.000000 
41.828720 1000000 850 0 0 0 0 0 149 250 208 704 0 0 0 1 2391 -32936.000000 
41.879520 1000000 850 0 0 0 0 1 152 222 188 611 0 0 0 2 2390 -32976.000000 
41.929050 1000000 840 0 0 0 0 0 151 194 197 674 0 0 0 1 2418 -33015.000000 
42.029381 1000000 850 0 0 0 0 1 138 227 199 611 0 0 0 2 2391 -33094.000000 
42.078911 1000000 840 0 0 1 1 0 152 221 209 658 0 0 0 0 2390 -33133.000000 
42.129711 1000000 840 0 0 0 0 0 138 221 225 614 0 0 0 0 2402 -33173.000000 
42.179241 1000000 850 0 0 0 1 0 129 228 204 674 0 0 0 0 2396 -33212.000000 
42.228771 1000000 850 0 0 0 0 0 150 234 244 623 0 0 0 0 2406 -33251.000000 
42.279572 1000000 840 0 0 0 0 0 116 215 210 603 0 0 0 0 2380 -33291.000000 
42.329102 1000000 850 0 0 0 1 0 137 226 226 636 0 0 0 0 2408 -33330.000000 
42.379902 1000000 850 0 0 0 0 0 149 200 242 668 0 0 0 0 2426 -33370.000000 
42.429428 1000000 840 0 0 0 0 0 124 218 204 700 0 0 0 0 2420 -33409.000000 
42.478958 1000000 850 0 0 0 0 0 148 253 229 605 0 0 0 0 2413 -33448.000000 
42.529758 1000000 850 0 0 0 0 0 134 227 212 638 0 0 0 1 2405 -33488.000000 
42.579288 1000000 850 0 0 0 1 0 153 258 228 622 0 0 0 2 2414 -33527.000000 
42.628819 1000000 850 0 0 0 0 1 130 243 202 697 0 0 0 1 2414 -33566.000000 
42.679619 1000000 850 0 0 0 0 1 137 226 196 654 0 0 0 0 2432 -33606.000000 
42.729149 1000000 850 0 0 0 1 0 134 237 237 650 0 1 0 1 2439 -33645.000000 
42.779949 1000000 850 0 0 0 1 0 158 245 225 663 0 0 0 1 2444 -33685.000000 
42.829479 1000000 860 0 0 0 1 1 125 226 206 638 0 0 0 0 2441 -33724.000000 
42.880280 1000000 850 0 0 0 0 0 154 236 205 674 0 0 0 0 2446 -33764.000000 
42.929810 1000000 850 0 0 0 0 0 164 220 206 666 0 0 0 1 2428 -33803.000000 
42.979340 1000000 850 0 0 0 0 0 130 234 202 670 0 0 0 0 2427 -33842.000000 
43.030140 1000000 860 0 0 0 0 0 143 254 220 672 0 0 0 2 2422 -33882.000000 
43.079670 1000000 850 0 0 0 0 0 130 232 218 632 0 0 0 0 2426 -33921.000000 
43.130470 1000000 860 0 0 0 0 0 152 208 242 627 0 0 0 0 2439 -33961.000000 
43.180000 1000000 860 0 0 0 2 0 129 248 236 698 0 0 0 0 2431 -34000.000000 
43.230801 1000000 850 0 0 0 0 1 116 256 215 693 0 0 0 0 2431 -34040.000000 
43.281601 1000000 860 0 0 1 0 0 143 231 224 658 0 0 0 1 2439 -34080.000000 
43.329861 1000000 860 0 0 0 0 0 133 225 224 694 0 0 0 1 2434 -34118.000000 
43.380661 1000000 850 0 0 1 0 1 146 227 211 674 0 0 1 0 2439 -34158.000000 
43.430191 1000000 850 0 0 1 1 0 129 215 225 622 0 0 1 0 2420 -34197.000000 
43.480991 1000000 850 0 0 0 0 2 144 233 223 667 0 0 0 3 2424 -34237.000000 
43.530521 1000000 850 0 0 0 0 1 128 236 247 622 0 0 0 0 2414 -34276.000000 
43.630852 1000000 850 0 0 0 0 0 136 244 214 629 0 0 0 1 2420 -34355.000000 
43.680382 1000000 850 0 0 0 0 0 137 210 239 637 0 0 0 0 2403 -34394.000000 
43.729912 1000000 840 0 0 0 0 0 133 237 192 663 0 0 0 0 2411 -34433.000000 
43.780708 1000000 850 0 0 1 0 0 114 222 198 604 0 0 0 1 2389 -34473.000000 
43.830238 1000000 840 0 0 0 0 0 130 221 189 639 0 0 0 0 2380 -34512.000000 
43.881039 1000000 850 0 0 0 0 1 141 229 201 611 0 0 0 0 2387 -34552.000000 
43.930569 1000000 850 0 0 0 0 0 124 234 207 634 0 0 0 0 2361 -34591.000000 
43.980099 1000000 840 0 0 0 1 0 140 241 205 644 0 0 0 0 2374 -34630.000000 
44.030899 1000000 840 0 0 0 3 0 119 226 213 596 0 0 0 0 2381 -34670.000000 
44.080429 1000000 850 0 0 0 0 0 131 239 207 650 0 0 0 0 2380 -34709.000000 
44.131229 1000000 850 0 0 1 0 0 139 219 203 647 0 0 0 0 2383 -34749.000000 
44.182030 1000000 840 0 0 0 0 0 133 219 217 672 0 0 0 1 2394 -34789.000000 
44.230289 1000000 850 0 0 0 2 0 163 223 227 637 0 0 0 0 2410 -34827.000000 
44.281090 1000000 850 0 0 0 0 0 127 202 196 634 0 0 0 0 2394 -34867.000000 
44.330620 1000000 850 0 0 0 0 0 145 237 222 647 0 0 0 0 2401 -34906.000000 
44.381420 1000000 850 0 0 1 0 0 154 233 205 658 0 0 0 0 2386 -34946.000000 
44.430950 1000000 850 0 0 0 0 0 129 216 222 624 0 0 0 1 2387 -34985.000000 
44.480480 1000000 850 0 0 0 0 1 144 243 191 626 0 1 0 0 2402 -35024.000000 
44.531281 1000000 850 0 0 0 0 0 123 211 214 670 0 0 0 0 2420 -35064.000000 
44.580811 1000000 850 0 0 0 0 0 114 217 205 688 0 0 0 0 2405 -35103.000000 
44.631611 1000000 850 0 0 1 0 0 122 232 192 661 0 0 0 0 2400 -35143.000000 
44.681141 1000000 850 0 0 0 0 0 116 217 216 638 0 0 0 2 2420 -35182.000000 
44.730671 1000000 850 0 0 0 1 1 139 237 222 624 0 0 0 0 2423 -35221.000000 
44.781471 1000000 840 0 0 0 0 0 142 228 221 618 0 0 0 1 2402 -35261.000000 
44.831001 1000000 850 0 0 1 0 1 144 270 239 676 0 0 0 2 2423 -35300.000000 
44.881802 1000000 850 0 0 0 0 0 150 230 187 610 0 0 0 1 2422 -35340.000000 
44.931332 1000000 860 0 0 0 0 0 135 207 202 663 0 0 0 1 2441 -35379.000000 
44.980862 1000000 860 0 0 0 0 0 140 231 219 638 0 0 0 1 2459 -35418.000000 
45.031658 1000000 860 0 0 0 1 0 160 228 220 643 0 0 0 0 2450 -35458.000000 
45.081188 1000000 850 0 0 0 0 0 138 240 201 630 0 0 0 0 2440 -35497.000000 
45.181519 1000000 860 0 0 1 0 0 143 226 199 611 0 0 0 0 2460 -35576.000000 
45.231049 1000000 850 0 0 0 1 0 133 211 243 612 0 0 0 1 2463 -35615.000000 
45.281849 1000000 860 0 0 0 0 0 125 233 213 696 0 0 0 0 2452 -35655.000000 
45.331379 1000000 860 0 0 0 0 1 126 230 228 620 0 0 0 0 2444 -35694.000000 
45.382179 1000000 850 0 0 0 0 1 150 224 219 646 0 0 0 0 2441 -35734.000000 
45.431709 1000000 860 0 0 1 0 0 124 233 212 636 0 0 0 0 2426 -35773.000000 
45.481239 1000000 850 0 0 0 1 1 144 259 231 666 0 0 0 1 2433 -35812.000000 
45.532040 1000000 850 0 0 0 0 0 140 224 203 652 0 0 0 0 2418 -35852.000000 
45.581570 1000000 860 0 0 0 0 0 135 224 213 665 0 0 0 0 2432 -35891.000000 
45.632370 1000000 860 0 0 0 1 2 142 215 242 638 0 0 0 1 2439 -35931.000000 
45.681900 1000000 850 0 0 0 0 1 141 199 236 690 0 0 0 1 2426 -35970.000000 
45.731430 1000000 860 0 0 0 1 0 132 222 215 677 0 0 0 1 2430 -36009.000000 
45.783501 1000000 850 1 0 0 0 0 139 224 237 599 0 0 0 1 2411 -36050.000000 
45.831760 1000000 860 0 0 0 0 0 126 212 201 657 0 0 0 1 2433 -36088.000000 
45.882561 1000000 860 0 0 0 0 0 148 255 200 690 0 0 0 0 2419 -36128.000000 
45.932091 1000000 850 0 0 0 0 0 136 260 211 647 0 0 0 2 2433 -36167.000000 
45.981621 1000000 850 0 0 0 0 0 153 215 212 643 0 0 0 1 2419 -36206.000000 
46.032421 1000000 860 0 0 1 0 1 146 217 219 607 0 0 0 0 2433 -36246.000000 
46.081951 1000000 850 0 0 0 1 0 118 240 217 607 0 0 0 0 2433 -36285.000000 
46.132751 1000000 850 0 0 0 1 1 124 212 226 626 0 0 0 2 2437 -36325.000000 
46.182281 1000000 860 0 0 0 1 0 140 213 227 612 0 1 0 0 2448 -36364.000000 
46.233082 1000000 860 0 0 0 0 1 133 218 224 678 0 0 0 1 2429 -36404.000000 
46.282612 1000000 850 0 0 0 0 0 126 212 218 622 0 0 0 0 2445 -36443.000000 
46.332142 1000000 850 0 0 0 0 0 121 211 222 650 0 0 0 0 2435 -36482.000000 
46.382938 1000000 850 0 0 0 1 0 145 228 235 627 0 0 0 0 2442 -36522.000000 
46.432468 1000000 850 0 0 0 0 0 150 245 205 670 0 0 0 0 2422 -36561.000000 
46.483269 1000000 850 0 0 1 0 0 140 238 199 595 0 0 0 1 2430 -36601.000000 
46.532799 1000000 850 0 0 0 1 0 128 217 253 621 0 0 0 1 2411 -36640.000000 
46.583599 1000000 860 0 0 0 0 0 140 229 209 623 0 0 0 1 2400 -36680.000000 
46.633129 1000000 840 0 0 0 0 0 139 222 226 620 0 0 0 1 2406 -36719.000000 
46.682659 1000000 850 0 0 1 0 0 115 241 219 676 0 0 0 1 2394 -36758.000000 
46.782990 1000000 850 0 0 0 1 0 143 201 235 642 0 0 0 1 2392 -36837.000000 
46.832520 1000000 850 0 0 0 0 0 140 199 195 643 0 0 0 0 2385 -36876.000000 
46.883320 1000000 850 0 0 0 1 1 130 229 215 618 0 0 0 2 2384 -36916.000000 
46.932850 1000000 860 0 0 0 0 0 124 219 202 641 0 0 0 1 2381 -36955.000000 
46.983650 1000000 840 0 0 0 0 1 122 208 209 668 0 0 0 2 2367 -36995.000000 
47.033180 1000000 850 0 0 0 0 0 133 216 212 646 0 0 0 0 2371 -37034.000000 
47.082710 1000000 850 0 0 0 0 1 141 204 202 658 0 0 0 3 2393 -37073.000000 
47.133511 1000000 840 0 0 0 0 0 127 229 210 633 0 0 0 0 2395 -37113.000000 
47.183041 1000000 850 0 0 0 0 0 138 231 211 606 0 0 0 1 2391 -37152.000000 
47.233841 1000000 840 0 0 0 0 0 132 241 193 650 0 0 0 1 2375 -37192.000000 
47.283371 1000000 850 0 0 0 0 0 138 214 210 622 0 0 0 0 2385 -37231.000000 
47.332901 1000000 850 0 0 0 0 0 121 212 201 637 0 0 0 0 2388 -37270.000000 
47.383701 1000000 850 0 0 0 0 0 126 233 212 616 0 0 2 0 2388 -37310.000000 
47.433231 1000000 840 0 0 0 1 2 132 233 246 627 0 0 0 1 2383 -37349.000000 
47.482761 1000000 850 0 0 0 1 1 132 234 193 707 0 0 0 1 2369 -37388.000000 
47.533562 1000000 850 0 0 1 1 0 137 200 214 626 0 0 0 0 2388 -37428.000000 
47.583092 1000000 850 0 0 0 0 1 142 220 217 638 0 0 0 0 2394 -37467.000000 
47.633888 1000000 850 0 0 0 1 0 121 254 206 726 0 0 0 1 2383 -37507.000000 
47.683418 1000000 850 0 0 0 1 0 160 210 196 666 0 0 0 1 2401 -37546.000000 
47.734219 1000000 860 0 0 0 0 1 122 248 194 619 0 0 0 1 2421 -37586.000000 
47.783749 1000000 860 0 0 0 0 1 140 233 212 678 0 0 0 0 2410 -37625.000000 
47.833279 1000000 850 0 0 0 0 0 151 210 221 611 0 0 0 0 2401 -37664.000000 
47.884079 1000000 850 0 0 2 1 0 131 222 205 658 0 0 0 1 2407 -37704.000000 
47.933609 1000000 850 0 0 0 0 0 138 209 193 615 0 0 0 0 2412 -37743.000000 
47.984409 1000000 850 0 0 1 0 0 126 210 243 641 0 0 0 0 2400 -37783.000000 
48.033939 1000000 860 0 0 0 0 0 123 232 207 602 0 0 0 0 2406 -37822.000000 
48.083469 1000000 850 0 0 0 0 2 121 221 231 635 0 0 0 1 2396 -37861.000000 
48.134270 1000000 850 0 0 0 1 0 137 235 218 602 0 1 0 0 2395 -37901.000000 
48.183800 1000000 850 0 0 0 0 0 136 227 217 649 0 0 0 0 2414 -37940.000000 
48.233330 1000000 850 0 0 0 0 0 142 216 193 655 0 0 0 1 2401 -37979.000000 
48.333660 1000000 850 0 0 0 0 0 133 226 217 603 0 0 0 1 2413 -38058.000000 
48.384460 1000000 850 0 0 1 1 0 125 213 221 657 0 0 0 0 2405 -38098.000000 
48.433990 1000000 850 0 0 0 0 0 132 229 219 648 0 0 0 0 2410 -38137.000000 
48.483521 1000000 850 0 0 0 0 0 147 240 221 621 0 0 0 2 2414 -38176.000000 
48.534321 1000000 850 0 0 0 1 0 127 220 213 622 0 0 0 0 2416 -38216.000000 
48.583851 1000000 860 0 0 0 0 0 126 254 211 679 0 0 0 1 2416 -38255.000000 
48.634651 1000000 850 0 0 0 0 0 121 226 232 649 0 0 0 0 2417 -38295.000000 
48.684181 1000000 860 0 0 0 0 0 134 228 210 666 0 0 0 0 2433 -38334.000000 
48.733711 1000000 860 0 0 0 0 0 125 239 220 673 0 0 0 1 2440 -38373.000000 
48.784512 1000000 860 0 0 0 1 0 150 215 234 661 0 0 0 0 2460 -38413.000000 
48.834042 1000000 860 0 0 0 0 1 157 214 192 640 0 0 0 0 2432 -38452.000000 
48.884838 1000000 850 0 0 0 0 0 134 226 240 623 0 0 0 0 2420 -38492.000000 
48.934368 1000000 860 0 0 0 0 1 156 215 214 653 0 0 0 0 2417 -38531.000000 
48.983898 1000000 850 0 0 0 0 1 137 227 199 621 0 0 0 1 2402 -38570.000000 
49.034698 1000000 850 0 0 0 0 0 133 250 193 660 0 0 0 0 2402 -38610.000000 
49.084229 1000000 850 0 0 0 1 0 135 214 216 683 0 0 0 0 2429 -38649.000000 
49.135029 1000000 850 0 0 0 0 1 142 225 217 675 0 0 0 0 2431 -38689.000000 
49.184559 1000000 850 0 0 0 2 0 148 211 190 649 0 0 0 0 2414 -38728.000000 
49.234089 1000000 860 0 0 0 1 0 141 223 221 635 0 0 0 0 2428 -38767.000000 
49.284889 1000000 850 0 0 0 0 1 124 205 231 680 0 0 0 0 2424 -38807.000000 
49.335690 1000000 860 0 0 0 0 0 120 209 212 637 0 0 0 1 2422 -38847.000000 
49.385220 1000000 850 0 0 0 0 0 138 207 212 648 0 0 0 1 2443 -38886.000000 
49.434750 1000000 850 0 0 0 0 1 138 224 230 624 0 0 0 2 2426 -38925.000000 
49.485550 1000000 850 0 0 0 0 0 125 226 232 685 0 0 0 0 2425 -38965.000000 
49.535080 1000000 860 0 0 0 0 0 143 226 206 660 0 0 0 1 2431 -39004.000000 
49.584610 1000000 850 0 0 0 0 1 126 246 213 634 0 0 0 0 2435 -39043.000000 
49.635410 1000000 860 0 0 0 1 0 128 256 199 669 0 0 0 0 2445 -39083.000000 
49.684940 1000000 860 0 0 1 0 0 140 225 234 705 0 0 0 1 2432 -39122.000000 
49.735741 1000000 850 0 0 0 0 0 123 252 229 636 0 0 0 3 2432 -39162.000000 
49.785271 1000000 860 0 1 0 0 0 125 232 240 650 0 0 0 1 2444 -39201.000000 
49.885601 1000000 860 0 0 0 1 0 142 240 185 664 0 0 0 0 2438 -39280.000000 
49.935131 1000000 850 0 0 0 0 0 158 236 207 673 0 0 0 1 2429 -39319.000000 
49.985931 1000000 860 0 0 0 2 0 159 218 190 660 0 0 0 2 2426 -39359.000000 
50.035461 1000000 850 0 0 0 0 0 139 245 211 595 0 0 0 1 2429 -39398.000000 
50.084991 1000000 850 0 0 1 0 0 144 233 224 595 0 0 0 0 2431 -39437.000000 
50.135792 1000000 860 0 0 0 0 0 129 221 227 671 0 0 0 1 2418 -39477.000000 
50.185322 1000000 850 0 0 0 0 0 128 216 205 641 0 0 0 0 2423 -39516.000000 
50.236118 1000000 850 0 0 0 0 0 153 236 215 627 0 0 0 1 2418 -39556.000000 
50.286919 1000000 850 0 0 0 0 1 133 226 225 672 0 0 0 0 2414 -39596.000000 
50.335178 1000000 850 0 0 0 0 0 121 225 222 655 0 0 0 0 2408 -39634.000000 
50.385979 1000000 860 0 0 0 2 0 138 209 218 646 0 0 0 0 2409 -39674.000000 
50.435509 1000000 860 0 0 0 0 0 131 210 223 649 0 0 0 1 2407 -39713.000000 
50.485039 1000000 850 0 0 0 0 0 139 225 223 616 0 0 0 0 2403 -39752.000000 
50.535839 1000000 860 0 0 0 0 0 137 212 208 678 0 0 0 0 2424 -39792.000000 
50.585369 1000000 850 0 0 0 1 2 131 253 229 691 0 0 0 1 2433 -39831.000000 
50.636169 1000000 850 0 0 0 0 0 144 249 189 629 0 0 0 0 2420 -39871.000000 
50.685699 1000000 850 0 0 0 0 0 143 260 187 656 0 0 0 0 2420 -39910.000000 
50.735229 1000000 850 1 0 0 0 0 129 216 216 655 0 0 0 0 2423 -39949.000000 
50.787300 1000000 850 0 0 0 0 1 154 204 224 648 0 0 0 1 2433 -39990.000000 
50.835560 1000000 860 0 0 0 1 0 146 229 216 665 0 0 0 0 2435 -40028.000000 
50.886360 1000000 850 0 0 0 0 0 151 244 218 629 0 0 1 0 2442 -40068.000000 
50.935890 1000000 860 0 0 0 0 0 121 227 213 654 0 0 0 0 2443 -40107.000000 
50.986691 1000000 850 0 0 0 0 0 137 243 222 671 0 0 0 0 2441 -40147.000000 
51.036221 1000000 860 0 0 0 1 0 141 228 205 636 0 0 0 0 2434 -40186.000000 
51.085751 1000000 860 0 0 0 0 0 122 217 189 633 0 0 0 0 2435 -40225.000000 
51.136551 1000000 850 0 2 0 0 1 137 228 211 687 0 0 0 0 2439 -40265.000000 
51.186081 1000000 860 0 0 0 0 0 129 243 242 616 0 0 0 2 2443 -40304.000000 
51.236881 1000000 860 0 0 0 0 0 125 234 220 630 0 0 0 0 2431 -40344.000000 
51.286411 1000000 850 0 0 1 3 0 123 241 212 635 0 0 1 2 2416 -40383.000000 
51.337212 1000000 850 0 0 0 3 0 116 206 208 631 0 1 0 2 2429 -40423.000000 
51.386742 1000000 860 2 0 0 1 0 130 229 204 662 1 0 0 1 2426 -40462.000000 
51.487068 1000000 850 5 4 0 4 0 125 221 213 633 0 0 0 4 2411 -40541.000000 
51.536598 1000000 860 5 2 0 7 1 125 256 181 655 0 0 1 3 2424 -40580.000000 
51.586128 1000000 860 4 6 0 8 0 147 238 214 636 0 1 2 6 2424 -40619.000000 
51.636929 1000000 850 8 8 1 20 0 124 220 213 691 1 6 4 12 2406 -40659.000000 
51.686459 1000000 860 4 19 1 39 0 131 222 204 632 3 6 3 25 2421 -40698.000000 
51.735989 1000000 850 19 23 1 57 0 141 220 200 658 4 7 7 23 2429 -40737.000000 
51.786789 1000000 850 21 54 4 107 0 171 226 226 632 6 13 11 41 2433 -40777.000000 
51.836319 1000000 850 21 65 3 133 0 161 247 235 668 7 17 25 79 2448 -40816.000000 
51.887119 1000000 850 53 78 6 168 0 148 227 229 658 14 21 24 92 2447 -40856.000000 
51.936649 1000000 850 65 125 8 244 0 137 269 207 696 24 34 35 113 2454 -40895.000000 
51.986179 1000000 860 74 146 4 294 0 144 240 215 715 22 57 49 173 2476 -40934.000000 
52.036980 1000000 860 101 202 9 417 0 146 241 259 727 33 46 54 207 2477 -40974.000000 
52.086510 1000000 860 118 254 8 442 1 147 252 229 705 35 58 57 234 2514 -41013.000000 
52.137310 1000000 860 137 283 11 449 1 153 241 254 715 30 66 65 249 2536 -41053.000000 
52.186840 1000000 860 131 257 9 447 1 158 256 247 712 34 58 71 267 2502 -41092.000000 
52.236370 1000000 860 111 286 6 458 0 143 269 227 705 39 56 62 218 2486 -41131.000000 
52.287170 1000000 850 128 253 10 393 0 154 261 222 714 29 63 42 198 2496 -41171.000000 
52.337971 1000000 850 103 217 5 316 0 146 263 208 699 16 36 57 177 2471 -41211.000000 
52.387501 1000000 850 99 152 4 280 0 155 252 217 699 19 40 38 143 2473 -41250.000000 
52.437031 1000000 850 66 137 2 224 0 133 220 217 646 9 30 31 123 2466 -41289.000000 
52.487831 1000000 850 42 88 6 138 0 142 237 231 696 9 16 12 81 2446 -41329.000000 
52.537361 1000000 860 31 67 1 106 0 134 244 246 688 6 16 10 61 2450 -41368.000000 
52.588161 1000000 850 18 39 0 71 0 130 209 229 702 5 14 8 35 2452 -41408.000000 
52.637691 1000000 860 6 13 0 35 1 148 219 224 632 1 8 4 22 2452 -41447.000000 
52.687222 1000000 860 8 10 0 16 0 133 229 234 679 2 4 3 14 2432 -41486.000000 
52.738022 1000000 860 2 6 2 9 0 133 242 231 643 1 2 1 6 2425 -41526.000000 
52.787552 1000000 860 4 6 1 4 0 139 251 219 629 0 2 1 1 2420 -41565.000000 
52.837078 1000000 850 1 0 1 3 0 156 213 217 681 0 0 0 4 2436 -41604.000000 
52.937408 1000000 850 0 0 0 2 0 125 251 205 621 0 0 0 2 2428 -41683.000000 
52.988209 1000000 850 0 0 1 1 0 122 243 214 650 1 0 0 0 2434 -41723.000000 
53.037739 1000000 860 0 0 0 1 0 147 233 208 666 0 0 0 1 2435 -41762.000000 
53.087269 1000000 860 0 0 0 1 0 130 225 195 612 0 0 0 2 2420 -41801.000000 
53.138069 1000000 850 0 0 0 0 0 117 218 233 658 0 0 0 1 2436 -41841.000000 
53.187599 1000000 850 0 0 0 1 0 130 219 202 658 0 0 0 2 2432 -41880.000000 
53.238400 1000000 850 0 0 0 0 0 155 247 219 614 0 0 0 1 2439 -41920.000000 
53.289200 1000000 850 0 0 0 0 0 132 221 209 660 0 0 0 1 2420 -41960.000000 
53.338730 1000000 850 0 0 0 1 0 136 224 196 614 0 0 0 2 2427 -41999.000000 
53.388260 1000000 850 0 0 0 0 0 144 231 231 581 0 0 0 1 2406 -42038.000000 
53.437790 1000000 850 0 0 0 0 1 134 240 215 640 0 0 0 0 2424 -42077.000000 
53.487320 1000000 860 0 0 0 0 0 145 249 222 629 0 0 0 0 2444 -42116.000000 
53.538120 1000000 860 0 0 1 0 0 153 238 199 678 0 0 0 0 2442 -42156.000000 
53.587650 1000000 870 0 0 0 0 0 163 250 247 689 0 0 0 0 2448 -42195.000000 
53.638451 1000000 850 0 0 0 0 0 143 238 210 647 0 0 0 2 2452 -42235.000000 
53.687981 1000000 860 0 0 0 0 0 146 237 189 667 0 0 0 2 2447 -42274.000000 
53.737511 1000000 860 0 0 0 0 0 157 234 210 623 0 0 0 1 2445 -42313.000000 
53.788311 1000000 860 0 0 0 0 0 141 216 218 627 0 0 0 0 2430 -42353.000000 
53.837841 1000000 860 0 0 0 1 0 144 235 192 677 0 0 0 0 2443 -42392.000000 
53.888641 1000000 860 0 0 0 0 0 148 242 221 655 0 0 0 0 2440 -42432.000000 
53.938171 1000000 850 0 0 1 1 2 125 230 231 604 0 0 1 0 2449 -42471.000000 
53.988972 1000000 860 0 0 0 1 0 156 214 215 657 0 0 0 0 2441 -42511.000000 
54.038502 1000000 860 0 0 0 0 0 152 236 212 649 0 1 0 0 2449 -42550.000000 
54.088032 1000000 860 0 0 0 0 1 153 220 203 643 0 0 0 0 2446 -42589.000000 
54.138828 1000000 870 0 0 0 1 0 127 254 231 707 0 0 0 0 2456 -42629.000000 
54.188358 1000000 860 0 0 0 1 0 157 244 206 630 0 0 0 1 2457 -42668.000000 
54.239159 1000000 850 0 0 0 0 0 132 227 215 615 0 0 0 0 2443 -42708.000000 
54.288689 1000000 860 0 0 0 1 0 121 239 203 620 0 0 0 1 2435 -42747.000000 
54.339489 1000000 860 0 0 0 2 1 134 263 245 654 0 0 0 2 2439 -42787.000000 
54.389019 1000000 860 0 0 0 0 0 142 256 208 610 0 0 0 0 2451 -42826.000000 
54.489349 1000000 850 0 0 0 0 1 135 249 216 641 0 0 1 1 2438 -42905.000000 
54.538879 1000000 850 0 0 0 0 1 108 227 195 636 0 0 0 0 2446 -42944.000000 
54.588409 1000000 860 0 0 0 1 0 147 244 232 660 0 0 0 0 2460 -42983.000000 
54.639210 1000000 860 0 0 0 1 0 144 232 214 671 0 0 0 0 2464 -43023.000000 
54.688740 1000000 860 0 0 0 0 1 145 223 209 637 0 1 1 0 2455 -43062.000000 
54.738270 1000000 870 0 0 0 0 0 141 234 228 635 0 0 0 0 2453 -43101.000000 
54.789070 1000000 860 0 0 1 0 1 135 252 198 631 0 0 0 0 2448 -43141.000000 
54.838600 1000000 860 0 0 0 0 0 138 244 212 689 0 0 0 0 2449 -43180.000000 
54.889400 1000000 850 0 0 0 0 0 139 229 187 637 0 0 0 1 2450 -43220.000000 
54.938931 1000000 860 0 0 0 0 0 132 229 205 650 0 0 0 2 2444 -43259.000000 
54.988461 1000000 860 0 0 0 1 0 134 215 222 668 0 0 0 0 2443 -43298.000000 
55.039261 1000000 860 0 0 0 0 0 122 216 212 659 0 0 0 0 2453 -43338.000000 
55.088791 1000000 850 0 0 0 0 0 113 219 227 673 0 0 0 0 2442 -43377.000000 
55.139591 1000000 860 0 0 0 0 0 126 238 217 685 0 0 0 1 2469 -43417.000000 
55.189121 1000000 860 0 0 0 0 0 140 239 216 637 0 0 0 0 2470 -43456.000000 
55.238651 1000000 860 0 0 0 0 1 132 195 229 659 0 0 0 0 2471 -43495.000000 
55.289452 1000000 860 0 0 0 0 0 139 243 225 729 0 0 0 0 2459 -43535.000000 
55.338982 1000000 850 0 0 1 0 0 133 237 200 623 0 0 0 0 2445 -43574.000000 
55.389778 1000000 850 0 0 0 0 0 118 197 212 708 0 0 0 1 2443 -43614.000000 
55.439308 1000000 860 0 0 1 0 1 144 226 218 655 0 0 0 0 2447 -43653.000000 
55.490108 1000000 860 0 0 0 0 0 134 202 200 626 0 0 0 0 2455 -43693.000000 
55.539639 1000000 860 0 0 0 1 0 124 224 207 673 0 0 0 2 2438 -43732.000000 
55.590439 1000000 860 0 0 0 0 1 146 219 219 649 0 0 0 0 2451 -43772.000000 
55.639969 1000000 860 0 0 0 1 1 119 225 219 616 0 0 0 1 2454 -43811.000000 
55.689499 1000000 850 0 0 0 0 0 119 227 191 678 0 0 0 0 2440 -43850.000000 
55.740299 1000000 870 0 0 2 1 0 126 231 228 621 0 0 0 0 2440 -43890.000000 
55.791100 1000000 860 0 0 0 0 0 136 241 225 633 0 0 0 1 2435 -43930.000000 
55.839359 1000000 850 0 0 0 1 0 137 240 213 638 0 0 0 2 2441 -43968.000000 
55.890160 1000000 850 1 0 0 0 0 144 265 212 674 0 0 0 0 2432 -44008.000000 
55.939690 1000000 850 0 0 0 0 3 165 209 236 618 0 0 0 0 2432 -44047.000000 
56.040020 1000000 860 0 0 0 0 0 130 225 236 651 0 0 0 0 2427 -44126.000000 
56.090820 1000000 850 0 0 0 1 0 126 219 221 648 0 0 0 1 2438 -44166.000000 
56.140350 1000000 850 0 0 0 0 0 136 215 234 648 0 0 0 1 2424 -44205.000000 
56.189880 1000000 860 0 0 0 0 0 142 202 211 664 0 0 0 0 2407 -44244.000000 
56.240681 1000000 850 0 0 1 0 0 134 232 197 615 0 0 0 0 2418 -44284.000000 
56.290211 1000000 860 0 0 1 0 1 136 244 197 660 0 0 0 0 2415 -44323.000000 
56.339741 1000000 860 0 0 0 0 1 112 217 209 641 0 0 0 1 2441 -44362.000000 
56.391811 1000000 850 0 0 1 0 1 138 235 204 677 0 0 0 1 2425 -44403.000000 
56.440071 1000000 850 0 0 0 0 0 124 227 230 643 0 0 0 1 2432 -44441.000000 
56.490871 1000000 860 0 0 1 0 0 132 220 188 656 0 0 0 0 2427 -44481.000000 
56.540401 1000000 850 0 0 0 0 0 116 239 228 617 0 0 0 0 2429 -44520.000000 
56.589931 1000000 860 0 0 0 0 0 126 203 187 626 0 0 0 1 2421 -44559.000000 
56.640732 1000000 860 0 0 0 0 0 127 233 216 669 0 0 0 0 2418 -44599.000000 
56.690262 1000000 850 0 0 0 0 0 155 238 199 619 0 0 0 0 2428 -44638.000000 
56.739792 1000000 860 0 0 0 0 0 129 227 224 647 0 0 0 0 2434 -44677.000000 
56.790588 1000000 850 0 0 0 0 0 119 211 209 664 0 0 0 0 2418 -44717.000000 
56.840118 1000000 850 0 0 0 1 0 137 220 201 682 0 0 0 1 2404 -44756.000000 
56.890919 1000000 860 0 0 0 0 0 136 203 240 632 0 0 0 2 2381 -44796.000000 
56.940449 1000000 850 0 0 0 0 0 144 228 190 628 0 0 0 0 2397 -44835.000000 
56.991249 1000000 850 0 0 0 0 1 144 208 217 606 0 0 0 2 2409 -44875.000000 
57.040779 1000000 850 0 0 0 0 1 146 237 200 653 0 0 0 0 2396 -44914.000000 
57.090309 1000000 850 0 0 0 0 0 141 224 183 648 0 0 0 0 2397 -44953.000000 
57.141109 1000000 850 0 0 0 1 0 137 207 226 651 0 0 0 1 2397 -44993.000000 
57.190639 1000000 850 0 0 0 0 0 142 221 220 595 0 0 0 1 2403 -45032.000000 
57.241440 1000000 850 2 0 0 0 1 137 235 206 609 0 0 0 0 2384 -45072.000000 
57.290970 1000000 850 0 0 0 0 0 143 217 198 638 0 0 0 0 2405 -45111.000000 
57.340500 1000000 860 0 0 0 0 0 120 222 206 656 0 0 0 0 2414 -45150.000000 
57.391300 1000000 850 0 0 0 1 0 148 218 241 665 0 0 0 1 2411 -45190.000000 
57.440830 1000000 850 0 0 0 0 1 155 238 244 593 0 0 0 2 2400 -45229.000000 
57.491631 1000000 850 0 0 0 0 0 137 229 215 638 0 0 0 0 2403 -45269.000000 
57.541161 1000000 850 0 0 0 0 0 132 251 217 635 0 0 0 3 2429 -45308.000000 
57.641491 1000000 860 0 0 0 0 0 153 224 196 615 0 0 0 0 2417 -45387.000000 
57.691021 1000000 860 0 0 0 1 1 124 263 228 655 0 0 0 1 2427 -45426.000000 
57.740551 1000000 850 0 0 0 0 0 98 224 203 678 0 0 0 0 2420 -45465.000000 
57.791351 1000000 850 0 0 0 0 0 149 252 229 641 0 0 0 2 2411 -45505.000000 
57.840881 1000000 850 0 0 0 0 0 104 214 195 616 0 0 0 0 2406 -45544.000000 
57.891682 1000000 850 0 0 0 1 0 124 202 227 644 0 0 0 0 2403 -45584.000000 
57.941212 1000000 850 0 0 0 0 1 133 200 218 614 0 0 0 1 2406 -45623.000000 
57.992008 1000000 850 0 0 0 0 0 152 210 218 679 0 0 0 0 2400 -45663.000000 
58.041538 1000000 850 0 0 1 0 0 146 234 225 664 0 0 0 0 2395 -45702.000000 
58.091068 1000000 850 0 0 0 0 1 139 236 228 675 0 0 0 0 2420 -45741.000000 
58.141869 1000000 850 0 0 0 0 2 144 230 195 627 0 0 0 1 2408 -45781.000000 
58.191399 1000000 850 0 0 0 0 1 106 217 207 623 0 0 0 0 2416 -45820.000000 
58.240929 1000000 860 0 0 0 1 0 140 217 227 645 0 0 0 0 2421 -45859.000000 
58.292999 1000000 850 0 0 1 0 0 130 241 198 619 0 0 0 1 2415 -45900.000000 
58.341259 1000000 860 0 0 0 0 0 141 211 217 640 0 0 0 0 2421 -45938.000000 
58.392059 1000000 850 0 0 0 2 0 134 218 236 636 0 0 0 0 2425 -45978.000000 
58.441589 1000000 850 0 0 0 0 0 119 214 204 676 0 0 0 2 2405 -46017.000000 
58.492390 1000000 850 0 0 0 0 0 130 230 234 694 0 0 0 0 2410 -46057.000000 
58.541920 1000000 850 0 0 0 0 0 153 237 202 631 0 0 0 0 2401 -46096.000000 
58.592720 1000000 840 0 0 0 0 0 153 215 208 658 0 0 0 1 2425 -46136.000000 
58.642250 1000000 850 0 0 0 0 0 144 207 210 691 0 0 0 0 2425 -46175.000000 
58.691780 1000000 850 0 0 0 1 1 137 233 221 666 0 0 0 0 2434 -46214.000000 
58.742580 1000000 860 0 0 0 0 0 148 253 217 669 0 0 0 0 2443 -46254.000000 
58.792110 1000000 860 0 0 0 1 0 141 237 211 648 0 0 0 0 2445 -46293.000000 
58.842911 1000000 850 0 0 0 1 0 148 281 213 653 0 0 0 1 2443 -46333.000000 
58.892441 1000000 850 0 0 1 0 0 140 253 195 673 0 0 0 0 2427 -46372.000000 
58.941971 1000000 850 0 0 0 1 0 143 233 225 666 0 0 0 0 2412 -46411.000000 
58.992771 1000000 850 0 0 0 0 0 140 238 217 616 0 0 0 1 2440 -46451.000000 
59.042301 1000000 850 0 0 0 0 0 119 205 225 647 0 0 0 0 2428 -46490.000000 
59.093102 1000000 850 0 0 0 1 0 142 235 185 641 0 0 0 1 2430 -46530.000000 
59.192162 1000000 850 0 0 0 0 0 129 241 246 639 0 0 0 0 2429 -46608.000000 
59.242962 1000000 860 0 0 0 0 0 142 228 198 669 0 0 0 1 2430 -46648.000000 
59.292488 1000000 850 0 0 0 1 1 121 227 211 628 0 0 0 1 2450 -46687.000000 
59.342018 1000000 860 0 0 0 0 2 136 228 221 638 0 0 0 0 2438 -46726.000000 
59.392818 1000000 850 0 0 0 0 2 120 238 201 677 0 0 0 0 2436 -46766.000000 
59.443619 1000000 850 0 0 0 0 0 129 231 194 669 0 0 0 0 2431 -46806.000000 
59.491879 1000000 850 0 0 0 0 0 150 197 205 619 0 0 0 1 2425 -46844.000000 
59.542679 1000000 850 0 0 0 0 0 148 213 202 665 0 0 0 0 2418 -46884.000000 
59.592209 1000000 850 0 0 0 0 2 115 233 212 592 0 0 0 1 2430 -46923.000000 
59.643009 1000000 850 0 0 0 0 0 145 245 229 695 0 0 0 0 2447 -46963.000000 
59.692539 1000000 860 0 0 0 3 0 144 214 212 672 0 0 0 1 2441 -47002.000000 
59.742069 1000000 850 0 0 1 0 0 147 229 238 657 0 0 0 2 2433 -47041.000000 
59.792870 1000000 850 0 0 0 1 0 121 226 203 662 0 0 0 1 2416 -47081.000000 
59.842400 1000000 850 0 0 0 2 0 134 228 252 557 0 0 0 0 2441 -47120.000000 
59.893200 1000000 850 0 0 0 0 0 136 228 209 641 0 0 0 1 2425 -47160.000000 
59.942730 1000000 850 0 0 0 0 0 132 252 208 613 0 0 0 0 2431 -47199.000000 
59.989719 1000000 850 0 0 0 0 0 143 202 207 673 0 0 0 0 2421 -47236.000000 
