#                                  2C21 Current (nA):             IPM2C21A.VAL: 99.999001
#                                  2C24 Current (nA):             IPM2C24A.VAL: 99.999001
#                                  2H00 Current (nA):              IPM2H00.VAL: 99.999001
#                                  2H01 Current (nA):              IPM2H01.VAL: 99.999001
#                                  2H02 Current (nA):              IPM2H02.VAL: 99.999001
#                               2C21 X position (mm):            IPM2C21A.XPOS: 99.999001
#                               2C24 X position (mm):            IPM2C24A.XPOS: 99.999001
#                               2H00 X position (mm):             IPM2H00.XPOS: 99.999001
#                               2H01 X position (mm):             IPM2H01.XPOS: 99.999001
#                               2H02 X position (mm):             IPM2H02.XPOS: 99.999001
#                               2C21 Y position (mm):            IPM2C21A.YPOS: 99.999001
#                               2C24 Y position (mm):            IPM2C24A.YPOS: 99.999001
#                               2H00 Y position (mm):             IPM2H00.YPOS: 99.999001
#                               2H01 Y position (mm):             IPM2H01.YPOS: 99.999001
#                               2H02 Y position (mm):             IPM2H02.YPOS: 99.999001
#                              Tagger Current (Amps):              TMIRBCK.VAL: 99.999001
#                           Faraday Cup Current (nA):         scaler_calc1.VAL: 99.999001
#                                  Beam Energy (MeV):        MBSY2C_energy.VAL: 99.999001
#                    2C21 H corrector BDL (gauss-cm):             MBC2C21H.BDL: 99.999001
#                    2C21 V corrector BDL (gauss-cm):             MBC2C21V.BDL: 99.999001
#                    2C22 H corrector BDL (gauss-cm):             MBC2C22H.BDL: 99.999001
#                    2C23 V corrector BDL (gauss-cm):             MBC2C23V.BDL: 99.999001
#                    2H00 H corrector BDL (gauss-cm):             MBC2H00H.BDL: 99.999001
#                    2H00 V corrector BDL (gauss-cm):             MBC2H00V.BDL: 99.999001
#                    2H02 H corrector BDL (gauss-cm):             MBC2H02H.BDL: 99.999001
#                    2H02 V corrector BDL (gauss-cm):             MBC2H02V.BDL: 99.999001
10.043160 700000 828 0 0 0 0 0 86 151 130 388 0 0 0 2 1638 -7908.000000 
10.043160 700000 828 0 0 0 0 0 102 170 140 425 0 0 0 1 1631 -7908.000000 
10.092690 700000 828 0 0 0 0 0 81 174 138 402 0 0 0 2 1641 -7947.000000 
10.143490 700000 828 0 0 0 0 0 88 160 165 432 0 0 0 0 1638 -7987.000000 
10.143490 700000 842 0 0 0 0 0 105 157 138 459 0 0 0 0 1640 -7987.000000 
10.193020 700000 828 0 0 0 0 0 81 148 164 440 0 0 0 0 1624 -8026.000000 
10.242550 700000 842 0 0 0 0 0 102 163 144 452 0 0 0 2 1646 -8065.000000 
10.293350 700000 842 0 0 0 0 0 105 159 142 443 0 0 0 1 1640 -8105.000000 
10.293350 700000 842 0 0 0 0 0 103 154 139 404 0 0 0 2 1627 -8105.000000 
10.342880 700000 842 0 0 0 0 0 74 165 147 485 0 0 0 0 1642 -8144.000000 
10.393680 700000 842 0 0 0 1 1 86 149 151 487 0 0 0 0 1636 -8184.000000 
10.443210 700000 842 0 0 0 0 0 90 148 145 446 0 0 0 0 1637 -8223.000000 
10.443210 700000 828 0 0 0 1 0 98 143 153 437 0 0 0 0 1642 -8223.000000 
10.492740 700000 842 0 0 0 0 0 103 159 158 420 0 0 0 1 1639 -8262.000000 
10.543540 700000 828 1 0 1 0 0 91 163 167 410 0 0 0 0 1630 -8302.000000 
10.593070 700000 828 0 0 1 0 0 91 152 139 439 0 0 0 0 1644 -8341.000000 
10.593070 700000 828 0 0 0 0 0 101 159 127 423 0 0 0 0 1620 -8341.000000 
10.643870 700000 828 0 0 0 1 0 101 161 142 453 0 0 0 0 1633 -8381.000000 
10.693400 700000 842 0 0 0 0 0 89 146 153 463 0 0 0 1 1630 -8420.000000 
10.693400 700000 842 0 0 0 1 0 79 143 132 430 0 0 0 0 1636 -8420.000000 
10.742930 700000 842 0 0 0 0 0 107 172 118 469 0 0 0 0 1627 -8459.000000 
10.793730 700000 828 0 1 0 0 0 84 155 156 425 0 0 0 1 1632 -8499.000000 
10.843260 700000 828 0 0 0 0 0 92 173 149 460 0 0 0 0 1626 -8538.000000 
10.843260 700000 842 0 0 0 1 0 83 157 146 434 0 0 0 0 1636 -8538.000000 
10.894060 700000 842 0 0 0 0 0 84 156 148 416 0 0 0 0 1634 -8578.000000 
10.943590 700000 828 0 0 0 0 0 73 164 138 476 0 0 0 3 1620 -8617.000000 
10.993120 700000 842 0 0 0 0 0 104 159 160 391 0 0 0 0 1651 -8656.000000 
10.993120 700000 828 0 0 0 0 0 101 145 151 451 0 0 0 0 1637 -8656.000000 
11.043920 700000 842 0 0 0 0 1 112 158 153 472 0 0 0 0 1641 -8696.000000 
11.093450 700000 842 0 0 0 0 0 85 156 150 454 0 0 0 1 1634 -8735.000000 
11.144250 700000 842 0 0 0 0 0 85 156 164 481 0 0 0 0 1647 -8775.000000 
11.144250 700000 842 0 0 0 0 1 88 151 155 429 0 0 0 0 1641 -8775.000000 
11.193780 700000 828 0 0 0 0 0 83 160 122 458 0 0 0 0 1635 -8814.000000 
11.243310 700000 842 0 0 0 0 0 81 157 140 434 0 0 0 1 1633 -8853.000000 
11.243310 700000 842 0 0 0 0 0 94 158 166 434 0 0 0 0 1644 -8853.000000 
11.294110 700000 842 0 0 0 0 1 80 140 147 444 0 0 0 0 1637 -8893.000000 
11.343640 700000 842 0 0 0 1 0 87 152 149 446 0 0 0 0 1618 -8932.000000 
11.394440 700000 828 0 0 0 0 1 102 145 131 446 0 0 0 3 1644 -8972.000000 
11.394440 700000 842 0 0 0 0 0 74 144 157 404 0 0 0 0 1637 -8972.000000 
11.443970 700000 828 0 0 0 0 0 91 163 146 431 0 0 0 0 1632 -9011.000000 
11.493500 700000 842 0 0 0 0 0 80 150 133 430 0 0 0 0 1638 -9050.000000 
11.544300 700000 842 0 0 0 0 1 94 156 151 407 0 0 0 1 1649 -9090.000000 
11.544300 700000 828 0 0 0 0 1 86 177 157 436 0 0 0 0 1632 -9090.000000 
11.593830 700000 842 0 0 0 0 1 98 178 152 478 0 0 0 0 1662 -9129.000000 
11.644630 700000 828 0 0 0 0 0 73 136 153 427 0 0 0 1 1648 -9169.000000 
11.694160 700000 828 0 0 0 0 0 96 147 126 451 0 0 0 0 1642 -9208.000000 
11.694160 700000 842 0 0 0 0 0 105 155 139 440 0 0 0 0 1671 -9208.000000 
11.743690 700000 842 0 0 0 0 0 89 159 167 467 0 0 0 0 1654 -9247.000000 
11.794490 700000 842 0 0 0 0 0 117 153 150 459 0 0 0 1 1652 -9287.000000 
11.794490 700000 828 0 0 0 0 0 96 148 162 440 0 0 0 0 1644 -9287.000000 
11.844020 700000 828 0 0 0 0 2 66 152 120 453 0 0 0 0 1638 -9326.000000 
11.894820 700000 828 0 0 0 0 0 84 148 141 443 0 0 0 0 1639 -9366.000000 
11.944350 700000 828 0 0 0 0 0 84 151 147 433 0 0 0 1 1639 -9405.000000 
11.944350 700000 842 0 0 0 0 0 90 146 132 436 0 0 0 0 1619 -9405.000000 
11.993880 700000 828 0 0 0 0 0 83 149 157 422 0 0 0 0 1623 -9444.000000 
12.044680 700000 828 0 0 0 0 0 97 150 164 397 0 0 0 0 1634 -9484.000000 
12.094210 700000 842 0 0 0 0 0 89 153 154 468 0 0 0 0 1633 -9523.000000 
12.094210 700000 828 0 0 0 0 0 93 153 130 445 0 0 0 0 1633 -9523.000000 
12.145010 700000 842 0 0 0 0 0 87 150 147 424 0 0 0 1 1636 -9563.000000 
12.194540 700000 842 0 0 0 0 0 92 139 115 424 0 0 0 0 1635 -9602.000000 
12.244070 700000 828 0 0 0 1 0 100 174 137 426 0 0 0 1 1619 -9641.000000 
12.244070 700000 842 0 0 0 0 1 80 145 127 425 0 0 0 0 1627 -9641.000000 
12.294870 700000 828 0 0 0 0 0 81 149 146 423 0 0 0 0 1614 -9681.000000 
12.344400 700000 842 0 0 0 0 1 70 147 143 438 0 0 0 1 1604 -9720.000000 
12.344400 700000 828 0 0 0 0 1 80 158 165 442 0 0 0 0 1617 -9720.000000 
12.395200 700000 828 0 0 0 1 1 72 129 153 418 0 0 0 1 1616 -9760.000000 
12.444730 700000 842 0 0 0 0 0 78 131 120 448 0 0 0 0 1623 -9799.000000 
12.494260 700000 842 0 0 0 0 0 89 153 153 426 0 0 0 0 1633 -9838.000000 
12.494260 700000 842 0 0 0 1 0 87 143 130 451 0 0 0 1 1618 -9838.000000 
12.545060 700000 828 0 0 0 0 0 82 143 131 439 0 0 0 0 1634 -9878.000000 
12.594590 700000 828 0 0 0 0 0 88 136 132 479 0 0 0 1 1617 -9917.000000 
12.645390 700000 842 0 0 0 1 0 94 135 127 432 0 0 0 0 1634 -9957.000000 
12.645390 700000 828 0 0 0 0 0 93 160 137 442 0 0 0 0 1625 -9957.000000 
12.694920 700000 842 0 0 0 0 0 97 145 148 412 0 0 0 2 1628 -9996.000000 
12.744450 700000 828 0 0 0 0 1 95 174 148 439 0 0 0 1 1637 -10035.000000 
12.795250 700000 842 0 0 0 0 0 96 172 142 475 0 0 0 1 1638 -10075.000000 
12.795250 700000 842 0 0 0 1 1 94 167 145 444 0 0 0 0 1629 -10075.000000 
12.844780 700000 842 0 0 0 0 0 84 143 148 441 0 1 0 0 1630 -10114.000000 
12.895580 700000 842 0 0 0 0 0 94 145 119 480 0 0 0 0 1625 -10154.000000 
12.895580 700000 828 0 0 1 1 0 92 150 146 428 0 0 0 1 1632 -10154.000000 
12.945110 700000 842 0 0 0 1 0 85 146 131 434 0 0 0 0 1611 -10193.000000 
12.994640 700000 842 0 0 0 0 1 76 160 149 461 0 0 0 0 1629 -10232.000000 
13.045440 700000 828 0 0 0 0 0 117 178 144 439 0 0 0 1 1619 -10272.000000 
13.045440 700000 828 0 0 1 0 0 72 144 149 460 0 0 0 0 1618 -10272.000000 
13.094970 700000 828 0 0 0 0 0 94 175 158 430 0 0 0 1 1623 -10311.000000 
13.145770 700000 842 0 0 1 0 0 103 161 132 453 0 0 0 1 1614 -10351.000000 
13.195300 700000 828 0 0 0 0 0 98 156 134 429 0 0 0 0 1618 -10390.000000 
13.195300 700000 828 0 0 0 1 0 101 135 147 470 0 0 0 0 1630 -10390.000000 
13.244830 700000 842 0 0 0 0 0 112 165 151 406 0 0 0 0 1629 -10429.000000 
13.295630 700000 828 0 0 0 0 0 82 150 139 416 0 0 0 0 1623 -10469.000000 
13.345160 700000 828 0 0 0 0 0 88 156 138 431 0 0 0 0 1617 -10508.000000 
13.345160 700000 842 0 0 0 1 0 80 162 150 458 0 0 0 0 1612 -10508.000000 
13.395960 700000 828 0 0 0 0 0 82 132 126 447 0 0 0 0 1617 -10548.000000 
13.445490 700000 828 0 0 0 0 0 87 143 132 486 0 0 0 2 1622 -10587.000000 
13.445490 700000 828 0 0 0 0 0 95 168 139 430 0 0 0 0 1624 -10587.000000 
13.495020 700000 857 0 1 1 0 1 86 151 131 457 0 0 0 0 1630 -10626.000000 
13.545820 700000 842 0 0 0 1 0 96 133 133 428 0 0 0 0 1629 -10666.000000 
13.595350 700000 828 0 0 0 1 0 96 165 139 480 0 0 0 0 1636 -10705.000000 
13.595350 700000 842 0 0 0 0 0 90 153 143 401 0 0 0 1 1642 -10705.000000 
13.646150 700000 828 0 0 1 0 0 103 161 156 423 0 0 0 0 1639 -10745.000000 
13.695680 700000 842 0 0 0 0 0 63 124 153 431 0 0 0 0 1627 -10784.000000 
13.745210 700000 842 0 0 0 0 0 93 146 153 434 0 0 0 0 1631 -10823.000000 
13.745210 700000 842 0 0 0 0 0 87 142 140 438 0 0 0 0 1625 -10823.000000 
13.796010 700000 842 0 0 0 0 0 104 166 129 453 0 0 0 0 1615 -10863.000000 
13.845540 700000 828 0 0 0 0 0 79 173 135 456 0 0 0 0 1640 -10902.000000 
13.896340 700000 842 0 0 0 0 0 110 145 135 419 0 0 0 0 1622 -10942.000000 
13.896340 700000 842 0 0 0 0 0 84 176 155 450 0 1 0 0 1625 -10942.000000 
13.945870 700000 828 0 0 0 0 0 108 136 157 403 0 0 0 1 1626 -10981.000000 
13.995400 700000 842 0 0 0 2 0 87 152 140 405 0 0 0 1 1610 -11020.000000 
13.995400 700000 828 0 0 1 3 0 92 174 157 432 0 0 0 1 1626 -11020.000000 
14.046200 700000 828 0 0 0 1 0 88 151 123 426 0 0 0 2 1600 -11060.000000 
14.095730 700000 842 0 0 0 0 0 92 167 143 433 0 0 0 0 1616 -11099.000000 
14.146530 700000 842 0 0 0 0 0 84 158 139 423 0 0 0 0 1611 -11139.000000 
14.146530 700000 828 0 0 0 0 0 102 144 143 402 0 0 0 1 1611 -11139.000000 
14.196060 700000 828 0 0 1 0 0 87 177 142 439 0 0 0 2 1624 -11178.000000 
14.245590 700000 842 0 0 0 0 1 98 141 132 443 1 0 0 1 1608 -11217.000000 
14.296390 700000 828 0 0 0 0 0 91 170 152 426 1 0 0 0 1625 -11257.000000 
14.296390 700000 842 0 0 0 0 0 94 146 135 448 0 0 0 1 1610 -11257.000000 
14.345920 700000 842 0 0 0 0 0 96 152 140 462 0 0 0 2 1630 -11296.000000 
14.396720 700000 842 0 0 0 3 0 89 158 146 458 0 0 0 1 1630 -11336.000000 
14.446250 700000 842 0 0 0 2 1 111 146 149 429 0 1 0 1 1619 -11375.000000 
14.446250 700000 828 0 0 0 4 0 101 151 123 451 0 0 0 3 1636 -11375.000000 
14.495780 700000 842 0 0 0 2 0 91 144 157 473 0 0 1 1 1630 -11414.000000 
14.546580 700000 828 0 0 0 2 0 83 146 132 468 0 0 0 3 1640 -11454.000000 
14.596110 700000 842 0 0 1 4 0 100 152 167 444 0 2 2 2 1632 -11493.000000 
14.596110 700000 842 0 0 1 1 0 91 165 150 449 0 0 1 4 1649 -11493.000000 
14.646910 700000 842 0 0 0 1 0 96 175 142 454 0 1 0 5 1624 -11533.000000 
14.696440 700000 842 0 0 0 6 0 96 136 141 385 0 1 0 11 1630 -11572.000000 
14.696440 700000 842 0 0 0 7 0 95 170 136 450 2 4 2 5 1638 -11572.000000 
14.745970 700000 842 0 0 0 3 0 78 144 148 432 1 3 2 14 1612 -11611.000000 
14.796770 700000 828 0 0 0 13 0 95 159 181 455 1 4 2 13 1637 -11651.000000 
14.846300 700000 842 0 0 0 16 0 83 141 149 435 3 8 5 16 1622 -11690.000000 
14.846300 700000 842 1 0 0 25 0 103 149 144 425 4 9 1 29 1646 -11690.000000 
14.897100 700000 828 1 0 0 23 0 92 142 160 461 1 7 11 22 1632 -11730.000000 
14.946630 700000 842 0 0 0 37 0 102 136 157 438 2 7 10 28 1634 -11769.000000 
14.996160 700000 828 0 2 0 35 0 106 156 142 456 5 13 11 53 1640 -11808.000000 
14.996160 700000 842 0 0 0 53 0 99 136 142 469 9 11 17 56 1637 -11808.000000 
15.046960 700000 828 0 1 0 65 1 103 170 158 445 13 27 17 65 1637 -11848.000000 
15.096490 700000 828 2 1 1 109 0 94 156 171 439 24 35 28 96 1629 -11887.000000 
15.147290 700000 842 0 2 0 102 0 94 146 177 436 17 39 35 120 1662 -11927.000000 
15.147290 700000 828 0 1 0 135 0 101 174 159 468 15 54 47 150 1650 -11927.000000 
15.196820 700000 842 2 3 0 147 0 104 181 144 475 32 62 42 146 1645 -11966.000000 
15.246350 700000 828 1 3 1 242 0 101 183 175 520 45 75 72 242 1692 -12005.000000 
15.246350 700000 828 2 3 1 305 0 118 179 170 503 53 120 76 300 1708 -12005.000000 
15.297150 700000 842 0 3 1 311 0 107 165 169 491 44 120 121 329 1709 -12045.000000 
15.346680 700000 828 3 4 2 424 0 115 185 179 543 81 160 142 455 1750 -12084.000000 
15.397480 700000 842 0 6 3 415 0 142 169 186 527 81 166 147 499 1743 -12124.000000 
15.397480 700000 828 6 8 1 521 1 122 210 178 593 93 220 197 622 1809 -12124.000000 
15.447010 700000 828 3 6 4 653 0 112 194 206 583 119 264 195 807 1826 -12163.000000 
15.496540 700000 842 8 12 1 831 0 137 210 224 630 143 348 286 967 1904 -12202.000000 
15.547340 700000 842 9 10 4 874 2 131 222 198 668 150 334 298 1036 1944 -12242.000000 
15.547340 700000 842 9 18 3 1079 0 151 216 225 639 224 441 358 1344 1999 -12242.000000 
15.596870 700000 828 12 18 6 1132 0 128 256 218 699 166 437 380 1358 2015 -12281.000000 
15.647670 700000 857 8 21 5 1251 0 127 267 232 741 212 493 421 1498 2054 -12321.000000 
15.697200 700000 828 12 22 8 1579 1 161 257 264 793 274 628 571 1906 2199 -12360.000000 
15.697200 700000 842 14 20 5 1556 0 157 260 270 746 241 614 541 1850 2135 -12360.000000 
15.746730 700000 842 13 21 7 1827 0 165 317 290 848 292 710 625 2219 2257 -12399.000000 
15.797530 700000 842 20 33 10 1847 0 163 292 285 884 305 718 661 2299 2254 -12439.000000 
15.847060 700000 842 12 39 8 1985 2 177 315 268 943 330 799 676 2446 2312 -12478.000000 
15.847060 700000 828 19 36 9 2205 0 187 311 280 942 341 844 695 2598 2365 -12478.000000 
15.897860 700000 842 18 27 7 2234 0 197 312 328 898 404 921 733 2874 2422 -12518.000000 
15.947390 700000 842 16 27 12 2339 0 205 360 334 946 425 918 787 3061 2492 -12557.000000 
15.947390 700000 842 17 35 14 2536 1 209 378 312 1041 429 943 836 3053 2519 -12557.000000 
15.996920 700000 842 19 34 20 2629 0 222 316 316 946 416 935 814 3234 2541 -12596.000000 
16.047720 700000 842 19 45 8 2462 0 209 324 299 972 439 942 881 3268 2598 -12636.000000 
16.097250 700000 842 24 36 22 2551 0 225 358 307 1018 498 1019 880 3355 2524 -12675.000000 
16.097250 700000 842 28 38 11 2659 0 224 369 296 1004 426 966 833 3271 2588 -12675.000000 
16.148050 700000 842 28 27 8 2539 0 196 363 282 1036 499 950 844 3274 2595 -12715.000000 
16.197580 700000 842 28 36 8 2347 1 209 331 337 983 387 894 750 3161 2545 -12754.000000 
16.247110 700000 828 23 39 10 2375 1 189 352 300 1026 349 895 800 3162 2505 -12793.000000 
16.247110 700000 842 23 34 11 2124 0 192 295 291 873 352 841 709 2808 2405 -12793.000000 
16.297911 700000 828 15 26 17 2160 0 180 332 264 942 372 849 703 2822 2448 -12833.000000 
16.347441 700000 842 18 25 7 1841 0 190 307 279 791 314 748 613 2439 2268 -12872.000000 
16.398239 700000 842 16 17 5 1932 1 174 269 271 793 314 679 607 2483 2347 -12912.000000 
16.398239 700000 828 15 18 9 1663 0 175 288 253 792 276 615 535 2138 2203 -12912.000000 
16.447769 700000 842 11 15 9 1466 0 144 270 281 791 273 561 467 2018 2224 -12951.000000 
16.497299 700000 828 17 17 5 1301 2 135 250 229 747 238 517 482 1734 2127 -12990.000000 
16.497299 700000 828 4 14 4 1162 0 137 242 229 654 222 477 370 1516 2063 -12990.000000 
16.548100 700000 842 8 15 3 998 0 142 226 211 650 189 408 320 1415 2033 -13030.000000 
16.597630 700000 828 7 12 3 835 0 121 221 202 634 138 310 252 1000 1871 -13069.000000 
16.648430 700000 842 7 16 5 741 0 118 198 193 615 121 289 248 1030 1888 -13109.000000 
16.648430 700000 828 3 11 0 507 0 112 200 168 573 90 217 197 731 1812 -13109.000000 
16.699230 700000 842 6 10 3 539 0 135 171 184 537 96 221 187 777 1845 -13149.000000 
16.747490 700000 828 6 5 0 410 0 97 181 166 481 61 162 147 594 1804 -13187.000000 
16.798290 700000 828 2 5 0 351 0 119 186 187 480 61 139 132 495 1726 -13227.000000 
16.798290 700000 828 2 3 1 315 0 90 191 161 484 37 115 90 412 1735 -13227.000000 
16.847820 700000 828 2 4 1 188 0 95 159 154 499 33 90 60 296 1675 -13266.000000 
16.898621 700000 828 3 4 2 162 0 99 159 162 489 31 59 56 231 1673 -13306.000000 
16.948151 700000 828 0 1 0 141 0 106 165 179 466 24 59 45 169 1652 -13345.000000 
16.948151 700000 828 0 4 0 115 0 106 165 168 451 21 54 54 166 1655 -13345.000000 
16.997681 700000 842 1 0 0 78 1 97 154 165 454 19 26 35 103 1650 -13384.000000 
17.048479 700000 842 2 1 0 76 0 100 164 134 486 13 29 24 101 1625 -13424.000000 
17.098009 700000 828 0 1 0 31 0 101 175 115 462 9 17 18 79 1643 -13463.000000 
17.098009 700000 828 2 1 0 34 0 97 137 136 418 11 12 11 74 1614 -13463.000000 
17.148809 700000 828 0 0 0 32 0 100 147 130 429 9 21 16 47 1612 -13503.000000 
17.198339 700000 828 0 1 0 19 0 107 140 124 402 5 5 5 23 1616 -13542.000000 
17.198339 700000 828 0 1 0 23 1 77 147 139 423 5 6 5 22 1619 -13542.000000 
17.247869 700000 828 0 0 0 11 0 75 155 148 400 4 6 3 14 1626 -13581.000000 
17.298670 700000 828 0 0 0 6 0 89 172 151 480 1 5 2 19 1612 -13621.000000 
17.348200 700000 828 0 0 0 13 0 88 155 126 413 0 3 3 5 1602 -13660.000000 
17.348200 700000 814 0 0 0 2 0 101 150 135 445 2 2 2 6 1609 -13660.000000 
17.399000 700000 842 0 0 1 2 0 82 174 146 432 0 4 1 5 1604 -13700.000000 
17.448530 700000 828 0 0 0 2 0 84 152 147 447 1 4 1 3 1627 -13739.000000 
17.498060 700000 842 0 0 0 1 0 81 142 154 406 0 0 1 2 1619 -13778.000000 
17.498060 700000 828 0 0 0 1 1 91 152 157 433 0 0 1 2 1616 -13778.000000 
17.548861 700000 828 0 0 0 0 0 111 157 145 426 0 0 1 1 1614 -13818.000000 
17.598391 700000 828 0 0 0 0 0 84 148 128 408 0 0 0 0 1608 -13857.000000 
17.649191 700000 828 0 0 0 0 0 95 137 133 440 0 0 0 0 1614 -13897.000000 
17.649191 700000 842 0 0 0 1 0 94 173 141 456 0 0 0 0 1654 -13897.000000 
17.698721 700000 842 0 0 0 1 0 87 169 137 443 0 0 0 1 1645 -13936.000000 
17.748249 700000 842 0 0 0 0 1 108 163 132 439 0 0 0 1 1655 -13975.000000 
17.748249 700000 842 0 0 0 0 0 89 149 128 459 0 0 0 0 1650 -13975.000000 
17.799049 700000 842 0 0 0 0 0 94 159 136 432 0 0 0 0 1646 -14015.000000 
17.848579 700000 842 0 0 0 1 0 99 154 145 416 0 0 0 0 1644 -14054.000000 
17.899380 700000 842 0 0 0 1 0 98 152 155 412 0 0 0 0 1641 -14094.000000 
17.899380 700000 842 0 0 0 0 0 84 155 165 461 0 0 0 0 1659 -14094.000000 
17.950180 700000 842 0 0 0 0 0 96 139 159 427 0 0 0 0 1649 -14134.000000 
17.998440 700000 842 0 0 0 0 0 88 147 151 393 0 0 0 2 1657 -14172.000000 
18.049240 700000 828 0 0 0 0 0 90 175 154 471 0 0 0 0 1643 -14212.000000 
18.049240 700000 842 0 0 0 0 0 106 148 135 438 0 0 0 2 1638 -14212.000000 
18.098770 700000 842 0 0 0 0 1 98 168 134 416 0 0 0 0 1639 -14251.000000 
18.149570 700000 842 0 0 0 1 2 95 156 137 453 0 0 0 0 1636 -14291.000000 
18.199100 700000 842 0 0 0 0 0 92 136 133 445 0 0 0 0 1663 -14330.000000 
18.199100 700000 842 0 0 0 0 0 87 163 146 470 0 0 0 0 1648 -14330.000000 
18.248631 700000 842 0 0 0 1 0 99 147 111 474 0 0 0 1 1641 -14369.000000 
18.299431 700000 842 0 0 0 0 0 101 145 144 426 0 0 0 0 1662 -14409.000000 
18.299431 700000 842 0 0 0 0 0 88 173 132 442 0 0 0 0 1666 -14409.000000 
18.348961 700000 842 0 0 0 0 0 91 159 140 467 0 0 0 0 1659 -14448.000000 
18.399759 700000 842 1 0 0 0 0 88 140 144 454 0 0 0 0 1662 -14488.000000 
18.449289 700000 828 0 0 0 0 0 103 158 147 455 0 0 0 0 1652 -14527.000000 
18.449289 700000 842 0 0 0 0 0 95 175 143 433 0 0 0 0 1664 -14527.000000 
18.498819 700000 857 0 0 0 0 1 80 154 135 417 0 0 0 0 1654 -14566.000000 
18.549620 700000 842 0 0 0 1 0 85 159 142 411 0 0 0 0 1657 -14606.000000 
18.599150 700000 842 0 0 0 0 0 100 165 153 442 0 1 0 1 1646 -14645.000000 
18.599150 700000 842 0 0 0 0 0 94 144 158 463 0 0 0 0 1660 -14645.000000 
18.649950 700000 828 0 0 0 2 0 87 142 127 455 0 0 0 0 1656 -14685.000000 
18.699480 700000 828 0 0 0 0 0 106 166 134 446 0 0 0 1 1644 -14724.000000 
18.749010 700000 842 0 0 0 1 1 99 163 133 439 0 0 0 1 1660 -14763.000000 
18.749010 700000 842 0 0 0 0 1 101 164 149 456 0 0 0 0 1639 -14763.000000 
18.799810 700000 857 0 0 0 0 0 114 177 138 464 0 0 0 0 1649 -14803.000000 
18.849340 700000 828 0 0 0 0 1 101 138 151 436 0 0 0 1 1646 -14842.000000 
18.849340 700000 842 0 0 1 2 0 109 167 140 458 0 0 0 2 1642 -14842.000000 
18.900141 700000 842 0 0 0 0 0 92 154 142 460 0 0 0 0 1665 -14882.000000 
18.949671 700000 842 0 0 0 1 0 99 163 138 425 0 0 0 1 1660 -14921.000000 
18.999201 700000 842 0 0 0 0 0 99 144 144 489 0 0 0 0 1654 -14960.000000 
18.999201 700000 842 0 0 0 1 0 113 146 141 439 0 0 0 0 1668 -14960.000000 
19.049999 700000 842 0 0 1 0 0 98 145 147 463 0 0 0 0 1654 -15000.000000 
19.099529 700000 842 0 0 0 0 0 92 178 145 423 0 0 0 0 1643 -15039.000000 
19.150330 700000 828 0 0 0 0 0 101 179 163 439 0 0 0 0 1665 -15079.000000 
19.150330 700000 842 0 0 0 0 0 95 145 141 393 0 0 0 3 1642 -15079.000000 
19.199860 700000 828 0 0 0 0 0 93 148 139 438 0 0 0 0 1654 -15118.000000 
19.249390 700000 842 0 0 0 0 0 84 173 161 431 0 0 0 1 1641 -15157.000000 
19.300190 700000 842 0 0 0 0 0 100 164 146 417 0 0 0 0 1627 -15197.000000 
19.300190 700000 842 0 0 0 0 0 110 158 174 440 0 0 0 2 1655 -15197.000000 
19.349720 700000 842 0 0 0 0 0 92 157 120 434 0 0 0 0 1624 -15236.000000 
19.400520 700000 842 0 0 0 0 0 83 150 139 465 0 0 0 0 1648 -15276.000000 
19.400520 700000 842 0 0 0 0 0 99 148 145 467 0 0 0 1 1630 -15276.000000 
19.450050 700000 842 0 0 0 0 0 90 153 155 455 0 0 0 0 1638 -15315.000000 
19.499580 700000 842 0 0 0 0 0 93 163 135 460 0 0 0 0 1632 -15354.000000 
19.550381 700000 842 0 0 0 0 0 88 141 135 407 0 0 0 1 1644 -15394.000000 
19.550381 700000 828 0 0 0 0 0 92 157 126 440 0 0 0 1 1633 -15394.000000 
19.599911 700000 842 0 0 0 0 0 104 156 133 448 0 0 0 0 1631 -15433.000000 
19.650709 700000 842 0 0 0 0 0 80 156 134 457 0 0 0 1 1633 -15473.000000 
19.700239 700000 828 0 0 0 0 0 94 157 157 449 0 0 0 0 1637 -15512.000000 
19.700239 700000 842 0 0 0 1 0 105 164 158 428 0 0 0 1 1643 -15512.000000 
19.749769 700000 828 0 0 0 0 0 101 150 148 442 0 0 0 0 1640 -15551.000000 
19.800570 700000 842 1 0 0 0 0 85 181 143 427 0 0 0 0 1636 -15591.000000 
19.850100 700000 842 0 0 1 0 0 101 162 161 442 0 0 0 0 1656 -15630.000000 
19.850100 700000 842 0 0 0 0 0 99 155 148 471 0 0 0 0 1639 -15630.000000 
19.900900 700000 842 0 0 0 0 0 91 159 139 413 0 0 0 0 1640 -15670.000000 
19.950430 700000 828 0 0 1 0 0 97 143 150 447 0 0 0 0 1662 -15709.000000 
19.950430 700000 842 0 0 0 0 0 88 174 131 467 0 0 0 1 1658 -15709.000000 
19.999960 700000 842 0 0 0 0 0 105 159 156 459 0 0 0 1 1647 -15748.000000 
20.050760 700000 842 0 0 0 0 0 97 151 133 444 0 0 0 1 1638 -15788.000000 
20.100290 700000 842 0 0 0 0 0 97 152 160 460 0 0 0 1 1670 -15827.000000 
20.100290 700000 842 0 0 0 0 0 88 157 128 441 0 0 0 0 1656 -15827.000000 
20.151091 700000 857 0 0 1 0 0 98 160 147 455 0 0 0 0 1663 -15867.000000 
20.200621 700000 828 0 0 0 0 0 94 146 136 447 0 0 0 0 1660 -15906.000000 
20.250151 700000 828 0 0 0 0 0 93 162 138 419 0 0 0 1 1645 -15945.000000 
20.250151 700000 857 0 0 0 0 0 92 148 159 436 0 1 0 0 1661 -15945.000000 
20.300949 700000 842 0 0 0 0 0 85 161 150 428 0 0 0 1 1647 -15985.000000 
20.350479 700000 857 0 0 0 0 0 97 166 138 442 0 0 0 0 1652 -16024.000000 
20.401279 700000 842 0 0 0 0 0 87 171 136 471 0 0 0 1 1658 -16064.000000 
20.401279 700000 842 0 0 0 0 0 95 130 142 413 0 0 0 0 1652 -16064.000000 
20.450809 700000 842 0 0 0 1 0 98 148 158 466 0 0 0 0 1656 -16103.000000 
20.500340 700000 842 0 0 0 0 1 93 180 148 458 0 0 0 1 1662 -16142.000000 
20.500340 700000 857 0 0 0 0 0 92 162 148 458 0 0 0 2 1644 -16142.000000 
20.551140 700000 828 0 0 0 0 0 89 173 142 438 0 0 0 0 1657 -16182.000000 
20.600670 700000 842 0 0 0 0 0 86 167 153 432 0 1 0 1 1648 -16221.000000 
20.651470 700000 842 0 0 0 0 1 94 162 157 418 0 0 0 0 1653 -16261.000000 
20.651470 700000 842 0 0 0 0 0 110 162 145 429 0 0 0 0 1657 -16261.000000 
20.701000 700000 842 0 0 0 1 0 81 163 141 461 0 0 0 0 1626 -16300.000000 
20.750530 700000 828 0 0 0 0 0 86 166 117 468 0 0 0 0 1646 -16339.000000 
20.801331 700000 842 0 0 0 0 0 93 156 155 448 0 0 0 0 1639 -16379.000000 
20.801331 700000 842 0 0 0 0 0 103 151 160 441 0 0 0 1 1649 -16379.000000 
20.850861 700000 842 0 0 0 0 0 93 143 145 413 0 0 0 0 1644 -16418.000000 
20.901661 700000 842 0 1 0 0 1 81 157 152 442 0 0 0 0 1646 -16458.000000 
20.951191 700000 842 0 0 0 1 0 86 166 159 460 0 0 0 0 1654 -16497.000000 
20.951191 700000 842 0 0 0 0 0 96 157 160 449 0 0 0 0 1655 -16497.000000 
21.000719 700000 842 0 0 0 1 0 83 151 142 434 0 0 0 1 1644 -16536.000000 
21.051519 700000 842 0 0 0 0 0 95 153 107 470 0 0 0 0 1650 -16576.000000 
21.051519 700000 842 0 0 0 1 0 99 149 140 391 0 0 0 0 1649 -16576.000000 
21.101049 700000 828 0 0 0 0 0 103 163 140 442 0 0 0 1 1641 -16615.000000 
21.151850 700000 842 0 0 0 0 0 91 151 144 434 0 0 0 0 1654 -16655.000000 
21.201380 700000 842 0 0 0 0 0 80 140 123 461 0 0 0 0 1645 -16694.000000 
21.201380 700000 842 0 0 0 0 0 105 166 151 447 1 0 0 0 1642 -16694.000000 
21.250910 700000 857 0 0 0 0 0 99 133 129 417 0 0 0 0 1639 -16733.000000 
21.301710 700000 828 0 0 0 1 0 88 138 131 462 0 0 0 0 1646 -16773.000000 
21.351240 700000 842 0 0 0 0 0 106 144 127 443 0 0 0 2 1647 -16812.000000 
21.351240 700000 857 0 0 0 0 0 86 141 133 455 0 0 0 0 1665 -16812.000000 
21.402040 700000 842 0 0 0 0 0 111 158 149 474 0 0 0 0 1654 -16852.000000 
21.451571 700000 842 0 0 0 1 1 98 161 146 442 0 0 0 0 1647 -16891.000000 
21.501101 700000 828 0 0 0 1 1 88 162 156 440 0 0 0 0 1666 -16930.000000 
21.501101 700000 842 0 0 0 0 0 101 146 142 449 0 0 0 0 1660 -16930.000000 
21.551901 700000 842 0 0 0 0 0 94 163 146 434 0 0 0 0 1666 -16970.000000 
21.601431 700000 828 0 0 0 0 1 118 160 146 421 0 0 0 1 1657 -17009.000000 
21.601431 700000 842 0 0 0 0 1 83 148 135 451 0 0 0 0 1666 -17009.000000 
21.652229 700000 828 0 0 0 0 0 93 151 145 442 0 0 0 2 1659 -17049.000000 
21.701759 700000 828 0 0 0 0 0 82 147 156 464 0 0 0 0 1651 -17088.000000 
21.751289 700000 842 0 0 0 0 0 91 154 131 487 0 0 0 0 1673 -17127.000000 
21.751289 700000 842 0 0 0 0 0 90 145 139 450 0 0 0 1 1665 -17127.000000 
21.802090 700000 842 0 0 0 0 0 107 153 135 419 0 0 0 1 1651 -17167.000000 
21.851620 700000 842 0 0 0 0 0 96 135 183 462 0 0 0 1 1661 -17206.000000 
21.902420 700000 828 0 0 0 0 0 96 157 141 464 0 0 0 0 1643 -17246.000000 
21.902420 700000 842 0 0 0 0 0 112 176 140 446 0 0 0 0 1645 -17246.000000 
21.951950 700000 842 0 0 0 0 0 82 146 154 438 0 0 0 2 1653 -17285.000000 
22.001480 700000 842 0 0 0 0 0 80 162 123 443 0 0 0 0 1645 -17324.000000 
22.052280 700000 842 0 0 0 0 0 94 132 137 416 0 0 0 0 1673 -17364.000000 
22.052280 700000 842 0 0 0 0 0 106 164 137 466 0 0 0 0 1654 -17364.000000 
22.101810 700000 842 0 0 0 0 0 80 154 146 454 0 0 0 0 1650 -17403.000000 
22.152611 700000 842 0 0 1 0 1 71 153 159 459 0 0 0 0 1671 -17443.000000 
22.152611 700000 842 0 0 0 0 0 96 138 146 436 0 0 1 0 1652 -17443.000000 
22.202141 700000 842 0 0 0 0 0 92 175 144 451 0 0 0 0 1653 -17482.000000 
22.251671 700000 842 0 0 0 0 0 87 168 161 421 0 0 0 0 1656 -17521.000000 
22.302469 700000 842 0 0 0 1 0 105 153 128 417 0 0 0 1 1647 -17561.000000 
22.302469 700000 828 0 0 0 0 0 91 156 139 434 0 0 0 0 1655 -17561.000000 
22.351999 700000 857 0 0 0 0 0 89 171 152 494 0 0 0 0 1647 -17600.000000 
22.402800 700000 857 0 0 0 0 1 82 171 146 464 0 0 0 0 1669 -17640.000000 
22.452330 700000 842 0 0 0 0 0 84 154 160 441 0 0 0 2 1653 -17679.000000 
22.452330 700000 842 0 0 0 0 0 107 164 134 464 0 0 0 0 1658 -17679.000000 
22.501860 700000 828 0 0 0 0 1 103 148 143 425 0 0 0 1 1644 -17718.000000 
22.552660 700000 842 0 0 0 0 0 79 155 131 435 0 0 0 0 1643 -17758.000000 
22.552660 700000 828 0 0 0 0 0 97 165 129 418 0 0 0 0 1656 -17758.000000 
22.602190 700000 842 0 0 0 0 0 90 149 132 415 0 0 0 1 1651 -17797.000000 
22.652990 700000 842 0 0 0 0 0 92 144 137 432 0 0 0 1 1642 -17837.000000 
22.702520 700000 842 0 0 0 0 0 114 150 132 449 0 0 0 0 1641 -17876.000000 
22.702520 700000 857 0 0 0 1 0 86 158 139 434 0 0 0 0 1651 -17876.000000 
22.752050 700000 828 0 0 1 1 0 85 162 149 466 0 0 0 0 1633 -17915.000000 
22.802851 700000 842 0 0 0 0 1 100 155 177 406 0 0 0 1 1656 -17955.000000 
22.852381 700000 842 0 0 1 0 0 99 146 145 466 0 0 0 1 1643 -17994.000000 
22.852381 700000 842 0 0 0 0 0 107 150 132 463 0 0 0 0 1676 -17994.000000 
22.903179 700000 857 0 0 0 0 0 98 136 156 446 0 0 0 0 1655 -18034.000000 
22.952709 700000 842 0 0 0 0 1 99 147 147 457 0 0 0 0 1673 -18073.000000 
23.002239 700000 857 0 0 0 0 0 81 147 146 454 0 0 0 0 1660 -18112.000000 
23.002239 700000 842 0 0 0 1 0 101 168 144 470 0 0 0 0 1672 -18112.000000 
23.053040 700000 842 0 0 0 0 1 94 145 145 426 0 0 0 0 1670 -18152.000000 
23.102570 700000 842 0 0 0 0 0 94 165 137 447 0 0 0 2 1646 -18191.000000 
23.102570 700000 842 0 0 0 0 0 102 155 156 432 0 0 0 0 1651 -18191.000000 
23.153370 700000 842 0 0 0 0 0 89 161 152 446 0 0 0 2 1654 -18231.000000 
23.202900 700000 842 0 0 0 0 0 88 157 154 410 0 0 0 1 1657 -18270.000000 
23.252430 700000 842 0 0 0 0 0 95 117 147 448 0 0 0 1 1643 -18309.000000 
23.252430 700000 842 0 0 0 0 0 99 174 134 420 0 0 0 0 1645 -18309.000000 
23.303230 700000 842 0 0 1 0 1 108 167 149 416 0 0 0 0 1641 -18349.000000 
23.352760 700000 842 0 0 0 0 0 89 150 127 426 0 0 0 1 1642 -18388.000000 
23.403561 700000 828 0 0 0 0 0 73 177 159 445 0 0 0 2 1634 -18428.000000 
23.403561 700000 828 0 0 0 0 0 105 163 164 473 0 0 0 0 1637 -18428.000000 
23.453091 700000 842 0 0 0 0 0 92 155 156 428 0 0 0 0 1631 -18467.000000 
23.502621 700000 842 0 0 0 0 1 106 186 132 439 0 0 0 2 1645 -18506.000000 
23.553419 700000 842 0 0 0 0 0 83 145 146 446 0 0 0 1 1635 -18546.000000 
23.553419 700000 828 0 0 0 0 0 89 148 117 427 0 0 0 0 1624 -18546.000000 
23.602949 700000 828 0 0 0 1 0 92 156 138 451 0 0 0 0 1645 -18585.000000 
23.653749 700000 842 0 0 0 0 0 102 166 162 430 0 0 0 0 1635 -18625.000000 
23.653749 700000 828 0 0 0 0 2 89 141 151 465 0 0 0 0 1629 -18625.000000 
23.703279 700000 828 0 0 0 0 1 118 160 165 464 0 0 0 0 1634 -18664.000000 
23.752810 700000 842 0 0 2 0 0 106 154 161 417 0 0 0 1 1644 -18703.000000 
23.803610 700000 828 0 0 0 0 0 85 139 141 387 0 0 0 2 1631 -18743.000000 
23.803610 700000 842 0 0 0 0 0 90 169 149 452 0 0 1 0 1647 -18743.000000 
23.853140 700000 842 0 0 0 0 0 89 160 148 469 0 0 0 0 1648 -18782.000000 
23.903940 700000 842 0 0 0 0 0 101 134 159 452 0 0 0 0 1664 -18822.000000 
23.953470 700000 842 0 0 1 0 0 95 155 140 442 0 0 0 0 1670 -18861.000000 
23.953470 700000 842 0 0 0 0 1 100 157 153 439 0 0 0 0 1663 -18861.000000 
24.003000 700000 842 0 0 0 0 0 73 163 148 439 0 0 0 2 1652 -18900.000000 
24.053801 700000 842 0 0 0 0 0 94 170 141 439 0 0 0 0 1656 -18940.000000 
24.103331 700000 842 0 0 0 0 0 85 156 151 428 0 0 0 0 1657 -18979.000000 
24.103331 700000 842 0 0 0 0 0 95 141 154 448 0 0 0 0 1658 -18979.000000 
24.154131 700000 828 0 0 0 1 1 97 141 148 438 0 0 0 0 1652 -19019.000000 
24.203659 700000 857 0 0 0 0 0 93 145 144 439 0 0 0 1 1646 -19058.000000 
24.203659 700000 842 0 0 1 0 0 89 154 169 470 0 0 0 0 1655 -19058.000000 
24.253189 700000 828 0 0 0 1 1 100 168 139 430 0 0 0 0 1651 -19097.000000 
24.303989 700000 828 0 0 0 1 0 107 157 146 429 0 0 0 1 1655 -19137.000000 
24.353519 700000 828 0 0 0 0 0 96 141 163 449 0 0 0 0 1658 -19176.000000 
24.353519 700000 842 0 0 0 1 0 84 145 125 453 0 0 0 0 1640 -19176.000000 
24.404320 700000 842 0 0 0 0 0 77 147 136 474 0 0 0 0 1638 -19216.000000 
24.453850 700000 842 0 0 0 0 0 89 163 159 421 0 0 0 1 1641 -19255.000000 
24.503380 700000 842 0 0 0 1 0 80 155 153 460 0 0 0 0 1634 -19294.000000 
24.503380 700000 828 0 0 0 0 0 91 186 148 423 0 0 0 0 1631 -19294.000000 
24.554180 700000 828 0 0 0 0 0 90 141 140 384 0 0 0 0 1621 -19334.000000 
24.603710 700000 828 0 0 0 0 0 93 141 122 449 0 0 0 0 1624 -19373.000000 
24.654510 700000 828 0 0 0 0 0 79 151 125 423 0 0 0 0 1621 -19413.000000 
24.654510 700000 842 0 0 0 1 0 97 133 140 446 0 0 0 0 1627 -19413.000000 
24.704041 700000 814 1 0 0 0 0 86 145 136 420 0 0 0 0 1627 -19452.000000 
24.753571 700000 828 0 0 0 0 0 81 131 128 450 0 0 0 0 1627 -19491.000000 
24.753571 700000 842 0 0 0 0 0 87 168 133 447 0 0 0 2 1637 -19491.000000 
24.804371 700000 828 0 1 0 0 0 101 150 143 430 0 0 0 1 1623 -19531.000000 
24.853901 700000 842 0 0 0 1 0 106 177 138 431 0 0 0 1 1637 -19570.000000 
24.904699 700000 842 0 0 0 0 1 99 162 142 459 0 0 0 1 1649 -19610.000000 
24.904699 700000 828 0 0 0 1 0 104 147 150 442 0 0 0 0 1619 -19610.000000 
24.954229 700000 828 0 0 0 0 0 88 157 117 428 0 0 0 1 1639 -19649.000000 
25.003759 700000 828 0 0 0 0 1 84 154 133 396 0 0 0 1 1636 -19688.000000 
25.054560 700000 842 0 0 0 0 0 90 155 128 468 0 0 0 0 1634 -19728.000000 
25.054560 700000 828 0 0 0 0 0 100 143 144 431 0 0 0 2 1638 -19728.000000 
25.104090 700000 842 0 0 0 0 0 92 130 144 465 0 0 0 0 1630 -19767.000000 
25.154890 700000 828 0 0 0 0 0 82 181 132 409 0 0 0 0 1625 -19807.000000 
25.204420 700000 842 0 0 0 0 0 95 141 127 471 0 0 0 1 1623 -19846.000000 
25.204420 700000 842 0 0 0 0 0 90 135 141 434 0 0 0 0 1632 -19846.000000 
25.253950 700000 828 0 0 0 1 0 91 137 137 437 0 0 0 0 1627 -19885.000000 
25.304750 700000 842 0 0 0 0 0 97 163 126 437 0 0 0 0 1632 -19925.000000 
25.304750 700000 842 0 0 0 0 0 121 146 153 457 0 0 0 1 1636 -19925.000000 
25.354280 700000 842 0 0 0 1 0 99 154 143 435 0 0 0 0 1635 -19964.000000 
25.405081 700000 842 0 0 0 0 0 89 134 146 430 0 0 0 0 1650 -20004.000000 
25.454611 700000 828 0 0 1 0 0 83 156 138 447 0 0 0 1 1657 -20043.000000 
25.454611 700000 857 0 0 0 0 0 93 155 125 474 0 0 0 0 1645 -20043.000000 
25.505409 700000 828 0 0 0 0 1 76 155 146 435 0 0 0 0 1650 -20083.000000 
25.554939 700000 842 0 0 1 0 1 91 156 145 418 0 0 0 1 1656 -20122.000000 
25.604469 700000 842 0 0 0 0 0 86 138 137 442 0 0 0 0 1646 -20161.000000 
25.604469 700000 828 0 0 0 0 0 93 149 118 452 0 0 0 0 1659 -20161.000000 
25.655270 700000 842 0 0 0 0 2 84 150 138 481 0 0 0 0 1648 -20201.000000 
25.704800 700000 842 0 0 0 0 0 110 160 140 449 0 0 0 0 1660 -20240.000000 
25.754330 700000 842 0 0 0 0 0 94 142 156 396 0 0 0 1 1653 -20279.000000 
25.754330 700000 828 0 0 1 0 0 100 174 147 454 0 0 0 0 1650 -20279.000000 
25.805130 700000 842 0 0 0 0 0 103 174 136 444 0 0 0 1 1652 -20319.000000 
25.854660 700000 842 0 0 0 0 0 95 167 135 441 0 0 0 0 1649 -20358.000000 
25.854660 700000 828 0 0 0 0 0 97 163 145 411 0 0 1 0 1665 -20358.000000 
25.905460 700000 828 0 0 0 0 0 98 159 146 450 0 0 0 1 1645 -20398.000000 
25.954990 700000 842 0 0 0 1 0 93 147 157 517 0 0 0 1 1664 -20437.000000 
26.004520 700000 828 0 0 0 0 1 98 164 155 415 0 0 0 0 1671 -20476.000000 
26.004520 700000 842 0 0 0 0 0 79 171 139 497 0 0 0 0 1656 -20476.000000 
26.055321 700000 857 0 0 0 0 0 94 142 148 441 0 0 0 0 1674 -20516.000000 
26.104851 700000 842 0 0 0 0 0 110 152 136 431 0 0 0 1 1671 -20555.000000 
26.155649 700000 842 0 0 0 0 0 87 177 160 481 0 0 0 0 1672 -20595.000000 
26.155649 700000 828 0 0 0 0 1 87 146 117 433 0 0 0 0 1672 -20595.000000 
26.205179 700000 842 0 0 0 1 1 98 156 161 491 0 0 0 0 1671 -20634.000000 
26.254709 700000 842 0 0 0 0 0 93 167 177 461 0 0 0 0 1665 -20673.000000 
26.305510 700000 842 0 0 0 1 0 101 157 153 424 0 0 0 0 1678 -20713.000000 
26.305510 700000 842 0 0 0 0 0 94 150 160 443 0 0 0 1 1657 -20713.000000 
26.355040 700000 828 0 0 0 0 0 94 149 165 470 0 0 0 1 1681 -20752.000000 
26.405840 700000 842 0 0 0 0 0 109 153 141 451 0 0 0 0 1666 -20792.000000 
26.405840 700000 857 0 0 0 0 0 105 146 158 465 0 0 0 0 1672 -20792.000000 
26.455370 700000 842 0 0 0 0 0 100 170 141 418 0 0 0 0 1684 -20831.000000 
26.504900 700000 842 0 0 0 0 0 99 160 166 447 0 0 0 1 1681 -20870.000000 
26.555700 700000 842 0 0 0 0 0 84 155 140 425 0 1 0 0 1668 -20910.000000 
26.555700 700000 828 0 0 0 0 0 88 161 142 436 0 0 0 0 1660 -20910.000000 
26.605230 700000 842 0 0 1 0 0 87 191 140 455 0 0 0 0 1640 -20949.000000 
26.656031 700000 842 0 0 0 0 0 97 154 133 444 0 0 0 1 1660 -20989.000000 
26.705561 700000 842 0 0 1 0 2 76 151 135 431 0 0 0 0 1642 -21028.000000 
26.705561 700000 828 0 0 0 0 0 96 153 132 494 0 0 0 0 1634 -21028.000000 
26.755091 700000 842 0 0 0 0 0 87 150 138 439 0 0 0 2 1646 -21067.000000 
26.805889 700000 842 0 0 0 0 0 110 160 139 430 0 0 0 0 1642 -21107.000000 
26.855419 700000 828 0 0 0 1 0 91 150 148 483 0 0 1 0 1642 -21146.000000 
26.855419 700000 828 0 0 0 0 1 89 178 154 472 0 0 0 0 1637 -21146.000000 
26.906219 700000 828 0 0 0 0 1 107 134 146 456 0 0 0 0 1645 -21186.000000 
26.955750 700000 842 0 0 0 0 1 75 154 139 434 0 0 0 0 1635 -21225.000000 
26.955750 700000 842 0 0 0 0 0 97 136 152 464 0 0 0 0 1656 -21225.000000 
27.005280 700000 842 0 0 0 1 0 81 146 135 419 0 0 0 0 1636 -21264.000000 
27.056080 700000 842 0 0 0 0 0 110 142 135 436 0 0 0 1 1647 -21304.000000 
27.105610 700000 842 0 0 0 0 0 109 158 137 433 0 0 0 0 1652 -21343.000000 
27.105610 700000 842 0 0 0 0 0 95 172 155 442 0 0 0 0 1636 -21343.000000 
27.156410 700000 828 0 0 0 0 0 90 173 145 454 0 0 0 0 1646 -21383.000000 
27.205940 700000 842 1 0 0 0 0 84 150 118 462 0 0 0 0 1641 -21422.000000 
27.255470 700000 842 0 0 0 0 0 95 168 161 417 0 0 0 0 1627 -21461.000000 
27.255470 700000 828 0 0 0 0 0 87 173 142 421 0 0 0 0 1639 -21461.000000 
27.306271 700000 828 0 0 0 0 0 77 144 146 416 0 0 0 1 1637 -21501.000000 
27.355801 700000 842 0 0 0 0 1 106 162 134 428 0 0 0 0 1629 -21540.000000 
27.406601 700000 828 0 0 1 0 1 91 146 152 432 0 0 0 0 1647 -21580.000000 
27.406601 700000 842 0 0 0 0 0 100 167 136 423 0 0 0 0 1641 -21580.000000 
27.456129 700000 828 0 0 0 0 0 77 161 155 455 0 2 0 1 1661 -21619.000000 
27.505659 700000 842 0 0 0 0 0 81 169 135 438 0 0 0 0 1665 -21658.000000 
27.505659 700000 842 0 0 0 1 0 93 148 146 449 0 1 0 1 1652 -21658.000000 
27.556459 700000 842 0 0 0 2 0 93 161 161 464 0 1 0 1 1646 -21698.000000 
27.605989 700000 828 0 0 0 0 0 96 154 152 415 0 0 0 1 1664 -21737.000000 
27.656790 700000 828 0 0 0 0 0 92 154 133 431 1 0 1 1 1659 -21777.000000 
27.656790 700000 842 0 0 0 1 0 106 170 165 435 0 0 0 0 1654 -21777.000000 
27.706320 700000 842 0 0 0 1 0 92 161 128 465 0 0 0 1 1682 -21816.000000 
27.755850 700000 842 0 0 0 0 0 89 162 131 423 0 1 1 5 1654 -21855.000000 
27.806650 700000 842 0 0 0 2 0 91 149 135 445 0 0 1 6 1658 -21895.000000 
27.806650 700000 828 0 0 0 2 1 86 165 146 454 0 0 0 0 1652 -21895.000000 
27.856180 700000 842 0 0 0 1 0 95 178 157 426 0 0 1 3 1646 -21934.000000 
27.906981 700000 842 0 0 0 1 1 99 135 146 429 0 0 0 1 1653 -21974.000000 
27.956511 700000 828 1 1 0 2 0 95 157 136 438 0 1 0 7 1657 -22013.000000 
27.956511 700000 842 0 0 0 5 0 109 166 160 424 1 1 4 2 1652 -22013.000000 
28.006041 700000 842 0 0 0 4 0 108 141 156 447 1 0 0 4 1671 -22052.000000 
28.056841 700000 857 0 0 0 6 0 99 156 135 421 0 3 1 9 1662 -22092.000000 
28.056841 700000 828 0 0 0 9 0 79 169 143 461 3 3 4 4 1646 -22092.000000 
28.106371 700000 842 0 0 1 9 0 91 157 161 429 1 6 3 15 1656 -22131.000000 
28.157169 700000 842 0 0 0 11 0 93 134 158 397 0 5 2 9 1660 -22171.000000 
28.206699 700000 842 0 0 0 11 0 100 173 153 462 5 9 7 15 1646 -22210.000000 
28.206699 700000 857 0 1 0 21 0 90 145 154 476 8 10 6 25 1663 -22210.000000 
28.257500 700000 842 0 1 0 19 0 87 177 152 405 6 8 7 28 1651 -22250.000000 
28.307030 700000 842 0 1 0 52 0 116 164 141 463 10 17 19 59 1656 -22289.000000 
28.356560 700000 842 0 1 0 48 0 117 153 128 464 8 18 18 52 1676 -22328.000000 
28.356560 700000 842 0 0 0 74 0 100 169 162 538 10 28 19 67 1671 -22328.000000 
28.407360 700000 842 2 3 0 118 0 97 141 156 446 26 46 35 107 1689 -22368.000000 
28.456890 700000 842 0 3 0 131 0 91 169 171 502 22 49 43 146 1703 -22407.000000 
28.506420 700000 857 1 2 4 151 0 102 151 161 489 24 61 51 187 1715 -22446.000000 
28.506420 700000 857 2 3 1 203 0 98 178 168 477 40 80 71 242 1722 -22446.000000 
28.557220 700000 828 3 5 3 260 1 114 179 171 503 40 100 88 293 1726 -22486.000000 
28.606750 700000 842 2 6 1 324 0 114 172 166 525 64 162 127 437 1778 -22525.000000 
28.606750 700000 828 5 6 2 437 1 123 203 158 535 94 189 130 547 1800 -22525.000000 
28.657551 700000 857 1 5 1 432 0 114 191 184 592 67 190 184 548 1811 -22565.000000 
28.707081 700000 842 7 11 2 590 0 122 193 199 565 107 257 245 744 1888 -22604.000000 
28.756611 700000 828 10 9 0 790 0 139 198 201 627 174 341 317 1021 1893 -22643.000000 
28.756611 700000 842 12 13 4 786 0 130 215 200 665 132 317 293 1002 1948 -22643.000000 
28.807409 700000 842 8 9 7 1093 0 142 250 221 673 209 439 381 1383 2027 -22683.000000 
28.856939 700000 857 10 26 10 1427 0 163 274 234 759 281 601 514 1872 2183 -22722.000000 
28.907740 700000 842 5 27 11 1914 1 201 305 270 863 300 844 666 2401 2308 -22762.000000 
28.907740 700000 842 24 33 8 2168 1 185 331 243 908 383 913 832 2666 2363 -22762.000000 
28.957270 700000 857 18 22 7 2254 0 204 318 277 911 369 934 836 2902 2449 -22801.000000 
29.006800 700000 842 33 46 10 2869 1 208 344 351 1057 456 1131 954 3363 2515 -22840.000000 
29.057600 700000 857 25 26 17 2992 1 215 363 339 1111 516 1174 1021 3821 2656 -22880.000000 
29.057600 700000 828 31 40 20 3399 0 255 422 373 1129 604 1296 1119 4185 2796 -22880.000000 
29.107130 700000 842 29 40 15 3307 0 242 413 379 1169 575 1421 1181 4307 2843 -22919.000000 
29.157930 700000 842 46 72 18 4037 1 242 454 423 1323 703 1547 1381 5254 3197 -22959.000000 
29.207460 700000 842 31 65 14 4000 0 262 486 400 1305 746 1541 1338 5149 2914 -22998.000000 
29.207460 700000 842 33 65 23 4345 0 274 516 424 1404 767 1711 1404 5688 3236 -22998.000000 
29.256990 700000 857 33 69 23 4614 1 302 513 448 1393 766 1814 1588 5885 3242 -23037.000000 
29.307791 700000 857 40 65 27 4568 0 282 470 472 1428 787 1691 1514 5779 3241 -23077.000000 
29.307791 700000 828 49 61 28 4736 0 268 553 433 1487 767 1823 1566 5893 3337 -23077.000000 
29.357321 700000 842 44 72 17 4581 0 296 520 421 1464 759 1665 1529 5856 3203 -23116.000000 
29.408119 700000 857 31 53 10 4421 0 284 481 472 1387 730 1674 1516 5563 3245 -23156.000000 
29.457649 700000 842 34 61 20 4174 0 286 475 436 1426 687 1551 1358 5342 3059 -23195.000000 
29.457649 700000 842 34 57 13 3816 0 267 437 418 1249 629 1425 1283 4884 3073 -23195.000000 
29.508450 700000 828 31 54 18 3414 0 242 393 343 1145 649 1341 1149 4373 2939 -23235.000000 
29.557980 700000 842 21 47 21 3130 0 204 378 333 1199 533 1172 1073 4149 2718 -23274.000000 
29.607510 700000 842 21 34 15 3004 0 226 352 339 1037 471 1114 969 3670 2740 -23313.000000 
29.607510 700000 842 20 40 7 2417 4 197 372 315 1055 401 992 769 3042 2505 -23313.000000 
29.658310 700000 842 10 29 9 1996 0 168 340 276 901 358 812 706 2641 2387 -23353.000000 
29.707840 700000 828 13 25 6 1842 1 159 335 254 884 311 654 559 2275 2311 -23392.000000 
29.757370 700000 842 19 17 6 1523 0 161 305 247 811 286 577 480 1916 2147 -23431.000000 
29.757370 700000 828 15 26 5 1466 0 155 264 249 772 257 525 473 1900 2180 -23431.000000 
29.808170 700000 842 9 7 6 1103 1 139 262 230 691 167 445 357 1407 2043 -23471.000000 
29.857700 700000 842 8 12 3 875 1 137 221 226 663 125 358 293 1147 1994 -23510.000000 
29.857700 700000 842 1 7 5 740 0 121 215 189 643 105 282 209 918 1920 -23510.000000 
29.908501 700000 842 7 7 2 631 0 99 211 208 618 85 235 174 738 1894 -23550.000000 
29.958031 700000 828 8 7 3 511 0 121 207 197 623 87 184 198 643 1836 -23589.000000 
30.007561 700000 842 6 6 2 398 0 98 164 158 528 67 171 146 526 1782 -23628.000000 
30.007561 700000 857 6 3 1 344 0 116 179 159 532 47 132 95 404 1790 -23628.000000 
30.059629 700000 842 2 8 3 202 0 115 182 149 494 30 76 68 248 1748 -23669.000000 
30.107889 700000 857 1 1 1 152 1 109 166 153 481 36 43 55 183 1743 -23707.000000 
30.158689 700000 842 1 3 0 140 0 87 174 157 475 26 39 34 154 1729 -23747.000000 
30.158689 700000 857 3 5 1 123 0 102 159 144 518 21 46 41 194 1731 -23747.000000 
30.208220 700000 842 3 1 0 110 0 103 181 179 453 12 42 32 123 1728 -23786.000000 
30.257750 700000 842 0 2 1 71 0 111 162 154 445 8 19 23 83 1692 -23825.000000 
30.308550 700000 857 2 0 0 48 0 95 168 156 418 7 18 23 80 1691 -23865.000000 
30.308550 700000 857 0 1 0 31 0 90 139 141 431 6 15 12 33 1675 -23865.000000 
30.358080 700000 857 2 1 1 35 0 93 160 135 476 4 8 7 35 1680 -23904.000000 
30.408880 700000 828 0 0 0 31 0 98 184 138 453 6 10 7 35 1690 -23944.000000 
30.458410 700000 842 0 0 0 21 0 80 170 151 480 4 5 5 23 1658 -23983.000000 
30.458410 700000 842 0 1 0 14 1 93 152 141 473 5 8 2 16 1681 -23983.000000 
30.507940 700000 842 0 0 0 7 0 96 163 142 470 2 5 6 14 1671 -24022.000000 
30.558741 700000 842 0 0 1 7 0 110 159 173 438 3 1 2 11 1667 -24062.000000 
30.558741 700000 828 0 0 0 8 0 99 151 160 436 0 2 1 7 1672 -24062.000000 
30.608271 700000 857 0 0 0 10 0 101 142 145 448 1 2 6 8 1669 -24101.000000 
30.659069 700000 857 0 0 0 1 0 81 159 156 432 1 0 0 4 1663 -24141.000000 
30.708599 700000 857 0 0 0 1 1 75 151 142 467 0 1 0 1 1671 -24180.000000 
30.708599 700000 842 1 0 0 0 0 75 127 141 445 0 0 0 1 1668 -24180.000000 
30.758129 700000 828 0 0 0 0 0 83 145 162 422 0 0 0 0 1657 -24219.000000 
30.808929 700000 842 0 0 0 1 1 71 150 143 510 0 0 0 2 1660 -24259.000000 
30.858459 700000 828 0 0 0 2 0 103 154 117 454 1 0 0 1 1657 -24298.000000 
30.858459 700000 842 0 0 0 0 0 92 163 138 449 0 0 0 1 1653 -24298.000000 
30.909260 700000 842 0 0 0 1 1 95 166 128 452 0 0 0 0 1663 -24338.000000 
30.958790 700000 842 0 0 0 0 0 102 155 158 425 0 0 0 0 1654 -24377.000000 
31.008320 700000 842 0 0 0 1 0 88 184 152 418 0 0 0 1 1643 -24416.000000 
31.008320 700000 842 0 0 0 0 0 106 183 157 436 0 0 0 0 1675 -24416.000000 
31.059120 700000 842 0 0 0 0 0 95 149 143 462 1 1 0 1 1672 -24456.000000 
31.108650 700000 857 0 0 0 1 0 82 173 128 437 0 1 1 1 1671 -24495.000000 
31.108650 700000 842 0 0 0 0 0 91 145 144 471 0 0 1 0 1683 -24495.000000 
31.159451 700000 842 0 0 0 2 0 107 153 161 455 0 0 0 0 1655 -24535.000000 
31.208981 700000 842 0 0 0 0 1 105 166 152 456 0 0 0 0 1664 -24574.000000 
31.258511 700000 842 0 0 0 0 0 81 153 149 457 0 0 0 0 1679 -24613.000000 
31.258511 700000 842 0 0 0 0 0 99 173 148 450 0 0 0 1 1665 -24613.000000 
31.309311 700000 842 0 0 0 0 0 96 155 155 420 0 0 0 1 1681 -24653.000000 
31.358841 700000 857 0 0 0 1 0 96 141 156 427 0 0 0 0 1659 -24692.000000 
31.409639 700000 842 0 0 0 0 0 102 167 174 464 0 0 0 2 1671 -24732.000000 
31.409639 700000 842 0 0 0 0 1 88 156 151 454 0 0 0 0 1669 -24732.000000 
31.459169 700000 842 0 0 0 0 0 111 166 163 443 0 0 0 0 1656 -24771.000000 
31.508699 700000 842 0 0 0 0 0 103 129 165 419 0 0 0 1 1673 -24810.000000 
31.559500 700000 842 0 0 0 0 0 99 162 163 450 0 0 0 0 1644 -24850.000000 
31.559500 700000 857 0 0 1 0 0 104 150 134 430 0 0 0 1 1659 -24850.000000 
31.609030 700000 828 0 0 0 0 0 96 164 136 423 0 0 0 0 1663 -24889.000000 
31.659830 700000 857 0 0 0 0 1 89 167 165 406 0 0 0 0 1670 -24929.000000 
31.659830 700000 842 0 0 0 0 1 84 142 151 504 0 0 0 0 1657 -24929.000000 
31.709360 700000 842 0 0 0 0 0 103 177 155 445 0 0 0 0 1662 -24968.000000 
31.758890 700000 842 0 0 0 0 1 95 165 145 460 0 0 0 1 1660 -25007.000000 
31.809690 700000 842 0 0 0 0 0 94 163 153 446 0 0 0 0 1645 -25047.000000 
31.809690 700000 842 0 0 0 0 0 95 163 119 430 0 0 0 0 1646 -25047.000000 
31.859221 700000 828 0 0 0 1 0 104 159 143 433 0 0 0 0 1642 -25086.000000 
31.910021 700000 842 0 0 0 0 0 105 150 157 442 0 0 0 0 1653 -25126.000000 
31.959551 700000 842 0 0 0 0 0 102 149 154 431 0 0 0 0 1636 -25165.000000 
31.959551 700000 842 0 0 0 1 1 92 143 143 482 0 0 0 0 1639 -25165.000000 
32.009079 700000 842 0 0 0 0 0 101 170 177 419 0 0 0 0 1660 -25204.000000 
32.059879 700000 842 0 0 0 0 1 81 155 146 440 0 0 0 0 1670 -25244.000000 
32.109409 700000 842 0 0 0 0 1 90 161 136 474 0 0 0 2 1654 -25283.000000 
32.109409 700000 828 0 0 0 0 2 83 168 162 445 0 0 0 1 1653 -25283.000000 
32.160210 700000 842 0 0 0 1 0 76 149 137 444 0 0 0 0 1647 -25323.000000 
32.209740 700000 842 0 0 0 0 0 83 154 154 482 0 0 0 0 1644 -25362.000000 
32.209740 700000 842 0 0 0 2 1 111 153 151 411 0 0 0 0 1659 -25362.000000 
32.259270 700000 842 0 0 0 0 0 106 162 140 470 0 0 0 0 1659 -25401.000000 
32.310070 700000 828 0 1 0 0 0 85 151 149 433 0 0 0 0 1665 -25441.000000 
32.359600 700000 842 0 0 0 0 0 100 157 134 428 0 0 0 1 1662 -25480.000000 
32.359600 700000 857 0 0 0 0 0 102 153 148 468 0 0 0 0 1672 -25480.000000 
32.410400 700000 842 0 0 2 1 0 82 159 178 425 0 0 0 0 1644 -25520.000000 
32.459930 700000 842 0 0 0 0 0 90 161 148 415 0 0 0 0 1660 -25559.000000 
32.509460 700000 842 0 0 1 0 2 90 166 138 437 0 0 0 0 1665 -25598.000000 
32.509460 700000 842 0 0 0 0 1 75 154 150 453 0 0 0 1 1659 -25598.000000 
32.560261 700000 857 0 0 0 0 0 106 143 150 419 0 0 0 1 1652 -25638.000000 
32.609791 700000 842 0 0 0 0 0 102 174 153 402 0 0 0 0 1658 -25677.000000 
32.660591 700000 857 0 0 0 0 0 90 140 145 416 0 0 0 0 1661 -25717.000000 
32.660591 700000 842 0 0 1 0 0 90 164 156 446 0 0 0 0 1676 -25717.000000 
32.710121 700000 842 0 0 0 1 0 102 141 166 467 0 0 0 0 1669 -25756.000000 
32.759651 700000 842 0 0 0 0 0 98 155 132 451 0 0 0 1 1676 -25795.000000 
32.759651 700000 857 0 0 0 0 1 94 141 166 441 0 0 0 0 1673 -25795.000000 
32.810452 700000 857 0 0 1 0 1 74 154 134 420 0 0 0 0 1657 -25835.000000 
32.859982 700000 842 0 0 0 0 0 91 161 145 468 0 0 0 0 1671 -25874.000000 
32.910782 700000 857 0 0 0 0 0 95 166 141 453 0 0 0 0 1670 -25914.000000 
32.910782 700000 842 0 0 0 0 1 100 178 125 476 0 0 0 0 1682 -25914.000000 
32.960312 700000 842 0 0 0 0 0 92 172 153 479 0 0 0 0 1676 -25953.000000 
33.009838 700000 857 0 0 0 0 0 96 171 138 465 0 0 0 1 1679 -25992.000000 
33.060638 700000 842 0 0 0 0 1 89 184 160 435 0 0 0 0 1682 -26032.000000 
33.060638 700000 857 0 0 1 0 0 97 157 135 477 0 0 0 1 1688 -26032.000000 
33.110168 700000 857 0 0 0 0 0 76 161 145 440 0 0 0 3 1676 -26071.000000 
33.160969 700000 857 1 0 0 0 0 94 154 146 433 0 0 0 1 1677 -26111.000000 
33.210499 700000 842 0 0 0 0 0 92 177 139 426 0 0 0 0 1683 -26150.000000 
33.210499 700000 828 0 0 0 0 0 83 138 135 482 0 0 0 0 1655 -26150.000000 
33.260029 700000 857 0 0 0 0 0 96 146 159 466 0 0 0 0 1660 -26189.000000 
33.310829 700000 842 0 0 0 0 1 89 166 149 489 0 0 0 2 1680 -26229.000000 
33.310829 700000 842 0 0 0 0 0 97 139 157 431 0 0 0 0 1673 -26229.000000 
33.360359 700000 842 0 0 0 0 0 89 155 144 424 0 0 0 1 1668 -26268.000000 
33.411160 700000 842 0 0 0 0 1 104 151 137 425 0 0 0 0 1678 -26308.000000 
33.460690 700000 842 0 0 0 0 0 97 158 152 446 0 0 0 0 1659 -26347.000000 
33.460690 700000 842 0 0 1 0 0 104 134 147 416 0 0 0 1 1675 -26347.000000 
33.510220 700000 842 0 0 0 0 1 90 141 161 445 0 0 0 0 1654 -26386.000000 
33.561020 700000 842 0 0 0 0 0 96 201 135 453 0 0 0 0 1659 -26426.000000 
33.610550 700000 842 0 0 0 0 0 94 156 153 448 0 0 0 0 1679 -26465.000000 
33.610550 700000 842 0 0 0 0 0 91 157 147 428 0 0 0 0 1658 -26465.000000 
33.661350 700000 842 0 0 0 2 0 82 159 138 444 0 0 0 0 1658 -26505.000000 
33.710880 700000 828 0 0 0 0 0 92 143 137 408 0 0 0 0 1659 -26544.000000 
33.760410 700000 842 0 0 0 0 2 94 146 153 470 0 0 0 0 1661 -26583.000000 
33.760410 700000 842 0 0 0 0 0 87 149 180 438 0 0 0 0 1680 -26583.000000 
33.811211 700000 842 0 0 0 1 0 100 134 137 446 0 0 0 0 1666 -26623.000000 
33.860741 700000 857 0 0 0 0 0 91 149 149 438 0 0 0 0 1661 -26662.000000 
33.860741 700000 842 0 0 0 0 1 94 163 149 503 0 0 0 1 1676 -26662.000000 
33.911541 700000 857 0 0 0 0 1 94 161 136 464 0 0 0 1 1684 -26702.000000 
33.961071 700000 842 0 0 0 1 0 98 145 162 474 0 0 0 0 1659 -26741.000000 
34.010601 700000 842 0 0 0 0 1 100 153 128 447 0 0 0 0 1667 -26780.000000 
34.010601 700000 842 0 0 0 0 0 93 180 161 423 0 0 0 1 1658 -26780.000000 
34.061401 700000 842 0 0 0 1 0 100 162 177 445 0 0 0 0 1661 -26820.000000 
34.110931 700000 842 0 0 0 0 0 104 146 156 482 0 0 0 1 1656 -26859.000000 
34.161732 700000 828 0 0 0 0 0 105 157 135 456 0 0 0 0 1636 -26899.000000 
34.161732 700000 842 0 0 1 0 0 83 151 175 442 0 0 0 1 1644 -26899.000000 
34.211262 700000 842 0 0 1 0 0 91 172 153 475 0 0 0 0 1650 -26938.000000 
34.260792 700000 842 0 1 0 0 1 99 158 142 431 0 0 0 0 1637 -26977.000000 
34.311588 700000 842 0 0 0 0 0 85 166 124 444 0 0 0 1 1644 -27017.000000 
34.311588 700000 842 0 0 0 0 1 100 153 152 464 0 0 0 0 1669 -27017.000000 
34.361118 700000 842 0 0 0 1 0 87 157 148 451 0 0 0 0 1651 -27056.000000 
34.411919 700000 842 0 0 0 0 0 105 164 134 418 0 0 0 0 1672 -27096.000000 
34.411919 700000 857 0 0 0 0 0 87 176 161 442 0 0 0 0 1669 -27096.000000 
34.461449 700000 842 0 0 0 0 0 105 177 152 482 0 0 0 0 1666 -27135.000000 
34.510979 700000 842 0 0 0 0 0 101 164 136 430 0 0 0 1 1690 -27174.000000 
34.561779 700000 842 0 0 0 0 0 94 164 150 458 0 0 0 0 1655 -27214.000000 
34.561779 700000 842 0 0 0 0 0 97 156 151 408 0 0 0 0 1674 -27214.000000 
34.611309 700000 842 0 0 0 0 1 78 160 140 438 0 0 0 0 1670 -27253.000000 
34.662109 700000 857 0 0 0 0 0 87 142 141 422 0 0 0 0 1666 -27293.000000 
34.711639 700000 828 0 0 0 0 0 98 151 133 410 0 0 0 0 1662 -27332.000000 
34.711639 700000 842 0 0 0 0 1 120 160 169 468 0 0 0 0 1651 -27332.000000 
34.761169 700000 842 0 0 0 1 0 117 154 145 430 0 0 0 0 1652 -27371.000000 
34.811970 700000 842 0 0 0 0 0 96 141 150 407 0 0 0 1 1668 -27411.000000 
34.861500 700000 857 0 0 0 0 0 81 157 150 428 0 0 1 1 1655 -27450.000000 
34.861500 700000 842 0 0 0 1 0 103 152 171 437 0 0 0 0 1655 -27450.000000 
34.912300 700000 842 0 0 1 0 0 85 160 159 425 0 0 0 1 1663 -27490.000000 
34.961830 700000 857 0 0 0 0 0 102 178 139 467 0 0 0 0 1659 -27529.000000 
34.961830 700000 842 0 0 0 0 0 95 154 140 443 0 0 0 0 1646 -27529.000000 
35.011360 700000 842 0 0 0 0 0 85 151 137 473 0 0 0 0 1668 -27568.000000 
35.062160 700000 842 0 0 0 0 0 101 159 142 457 0 0 0 1 1661 -27608.000000 
35.111691 700000 828 0 0 0 0 0 117 132 127 414 0 0 0 0 1656 -27647.000000 
35.111691 700000 842 0 0 0 0 0 82 156 155 464 0 0 1 0 1667 -27647.000000 
35.162491 700000 842 0 0 0 1 0 96 157 173 459 0 0 0 0 1650 -27687.000000 
35.212021 700000 857 0 0 0 0 0 85 164 161 474 0 0 0 0 1665 -27726.000000 
35.261551 700000 842 0 0 0 1 0 96 140 155 450 0 0 0 1 1670 -27765.000000 
35.261551 700000 842 0 0 0 1 0 98 164 141 441 0 0 0 0 1665 -27765.000000 
35.312351 700000 842 0 0 0 0 0 98 155 130 433 0 0 0 0 1675 -27805.000000 
35.361881 700000 842 0 0 0 0 0 87 147 154 447 0 0 0 0 1659 -27844.000000 
35.412682 700000 857 0 0 0 0 0 84 156 157 455 0 0 0 0 1668 -27884.000000 
35.412682 700000 842 0 0 0 1 0 103 144 120 465 0 0 0 0 1665 -27884.000000 
35.462212 700000 842 0 0 0 0 0 99 167 129 487 0 0 0 0 1671 -27923.000000 
35.511742 700000 857 0 0 0 0 0 84 153 148 448 0 0 0 2 1677 -27962.000000 
35.511742 700000 842 0 0 0 0 1 83 171 145 436 0 0 0 0 1680 -27962.000000 
35.562538 700000 842 0 0 0 0 0 93 160 143 433 0 0 0 0 1667 -28002.000000 
35.612068 700000 842 0 0 0 1 0 97 165 137 445 0 0 0 0 1676 -28041.000000 
35.662868 700000 842 0 0 0 0 0 92 143 176 435 0 0 0 0 1664 -28081.000000 
35.662868 700000 857 0 0 1 1 0 98 145 144 466 0 0 0 0 1669 -28081.000000 
35.712399 700000 842 0 0 0 0 0 93 149 134 445 0 0 0 1 1672 -28120.000000 
35.761929 700000 842 0 0 0 0 0 93 179 142 445 0 0 0 0 1677 -28159.000000 
35.812729 700000 842 0 0 0 0 0 85 152 150 449 0 0 0 0 1673 -28199.000000 
35.812729 700000 842 0 0 1 0 0 93 164 150 436 0 0 0 0 1665 -28199.000000 
35.862259 700000 842 0 0 0 1 0 98 153 136 428 0 0 0 0 1659 -28238.000000 
35.913059 700000 842 0 0 0 0 0 91 184 159 447 0 0 0 0 1660 -28278.000000 
35.962589 700000 857 0 0 0 1 0 85 155 147 439 0 0 0 0 1682 -28317.000000 
35.962589 700000 842 0 0 0 0 1 101 165 146 448 0 0 0 0 1666 -28317.000000 
36.012119 700000 842 0 0 0 0 0 98 146 144 467 0 0 0 0 1668 -28356.000000 
36.062920 700000 842 0 0 0 0 0 101 158 145 425 0 0 0 0 1671 -28396.000000 
36.062920 700000 857 0 0 0 0 0 96 158 162 454 0 0 0 0 1665 -28396.000000 
36.112450 700000 842 0 0 0 0 0 80 162 149 443 0 0 0 1 1670 -28435.000000 
36.163250 700000 828 0 0 0 0 0 115 152 138 440 0 0 0 0 1667 -28475.000000 
36.212780 700000 857 0 0 0 0 1 90 172 149 450 0 0 0 0 1674 -28514.000000 
36.212780 700000 857 0 0 0 0 0 72 149 147 429 0 0 0 0 1666 -28514.000000 
36.262310 700000 842 0 0 0 0 1 106 159 151 486 0 0 0 1 1673 -28553.000000 
36.313110 700000 857 0 0 0 1 1 98 161 172 442 0 0 0 3 1652 -28593.000000 
36.362640 700000 842 0 0 0 0 0 97 145 145 514 0 0 0 0 1672 -28632.000000 
36.362640 700000 842 0 0 0 0 0 94 152 157 456 0 0 0 1 1664 -28632.000000 
36.413441 700000 842 0 0 0 0 0 89 165 137 454 0 0 0 0 1683 -28672.000000 
36.462971 700000 842 0 0 0 0 0 87 157 162 447 0 0 0 0 1672 -28711.000000 
36.462971 700000 842 0 0 1 0 0 91 164 178 433 0 0 0 0 1674 -28711.000000 
36.512501 700000 828 0 0 0 0 1 91 161 167 425 0 0 0 0 1676 -28750.000000 
36.563301 700000 842 0 0 0 1 0 102 153 129 433 0 0 0 1 1678 -28790.000000 
36.612831 700000 842 0 0 0 0 0 79 143 145 450 0 0 0 0 1674 -28829.000000 
36.612831 700000 842 0 0 0 0 0 79 162 161 436 0 0 0 1 1662 -28829.000000 
36.663631 700000 842 0 0 0 0 1 84 172 128 472 0 0 0 0 1673 -28869.000000 
36.713161 700000 842 0 0 0 0 0 86 167 131 452 0 0 0 0 1684 -28908.000000 
36.762691 700000 842 0 0 0 1 0 91 176 165 425 0 0 0 0 1673 -28947.000000 
36.762691 700000 857 0 0 0 0 0 101 142 134 443 0 0 0 0 1685 -28947.000000 
36.813492 700000 857 0 0 0 0 0 89 136 147 437 0 0 0 0 1699 -28987.000000 
36.863022 700000 857 0 0 0 0 0 98 163 141 446 0 0 0 1 1670 -29026.000000 
36.913818 700000 828 0 0 1 0 0 100 157 149 446 0 0 0 0 1687 -29066.000000 
36.913818 700000 857 0 0 0 0 0 94 167 158 458 0 0 0 0 1664 -29066.000000 
36.963348 700000 842 0 0 0 1 0 88 164 142 463 0 0 0 0 1685 -29105.000000 
37.012878 700000 842 0 0 0 0 0 86 152 142 460 0 0 0 1 1668 -29144.000000 
37.012878 700000 842 0 0 0 1 1 93 168 146 439 0 0 0 0 1673 -29144.000000 
37.063679 700000 842 0 0 0 0 0 92 135 131 417 0 0 0 2 1667 -29184.000000 
37.113209 700000 842 0 0 0 0 0 94 168 124 431 0 0 0 2 1654 -29223.000000 
37.164009 700000 842 0 0 0 0 0 99 154 135 482 0 0 0 0 1670 -29263.000000 
37.164009 700000 842 0 0 0 0 1 98 162 150 442 0 0 0 0 1669 -29263.000000 
37.213539 700000 842 0 0 0 2 0 96 133 143 480 0 0 0 0 1656 -29302.000000 
37.263069 700000 842 0 0 0 0 0 91 167 136 459 0 0 0 1 1652 -29341.000000 
37.313869 700000 842 0 0 1 1 0 102 173 147 442 0 0 0 0 1666 -29381.000000 
37.313869 700000 842 0 0 0 0 0 110 147 139 455 0 0 0 1 1654 -29381.000000 
37.363400 700000 857 0 0 0 0 1 98 154 150 426 0 0 0 1 1652 -29420.000000 
37.414200 700000 842 0 0 0 0 0 98 161 151 453 0 0 0 1 1651 -29460.000000 
37.463730 700000 842 0 0 0 1 0 89 158 143 439 0 0 0 0 1673 -29499.000000 
37.463730 700000 842 0 0 0 1 0 89 156 148 463 0 0 0 0 1648 -29499.000000 
37.513260 700000 842 0 0 0 0 0 92 140 158 474 0 0 0 0 1663 -29538.000000 
37.564060 700000 842 0 0 0 0 0 95 159 128 457 0 0 0 0 1654 -29578.000000 
37.564060 700000 842 0 0 0 0 0 81 167 150 423 0 0 0 0 1667 -29578.000000 
37.613590 700000 842 0 0 0 0 0 108 169 137 486 0 0 0 0 1669 -29617.000000 
37.664391 700000 842 0 0 0 0 0 94 151 138 428 0 0 0 0 1659 -29657.000000 
37.713921 700000 857 0 0 0 1 0 70 159 144 461 0 0 0 1 1673 -29696.000000 
37.713921 700000 842 0 0 0 1 0 107 168 175 418 0 0 0 0 1652 -29696.000000 
37.763451 700000 842 0 0 0 0 0 93 151 146 403 0 0 0 2 1668 -29735.000000 
37.814251 700000 842 0 0 1 2 0 86 170 140 489 0 1 0 1 1670 -29775.000000 
37.863781 700000 842 0 0 0 0 0 108 138 161 455 0 0 0 0 1654 -29814.000000 
37.863781 700000 857 0 0 0 1 0 89 158 138 431 0 0 0 1 1665 -29814.000000 
37.914581 700000 842 0 0 0 0 0 107 181 157 463 0 0 0 0 1664 -29854.000000 
37.964111 700000 842 0 0 1 0 0 103 156 139 452 0 0 0 0 1659 -29893.000000 
38.013641 700000 842 0 0 0 0 0 86 143 146 430 0 0 0 1 1661 -29932.000000 
38.013641 700000 842 0 0 0 0 0 89 158 135 453 0 0 0 0 1655 -29932.000000 
38.064442 700000 842 0 0 0 0 0 98 162 144 499 0 0 0 0 1645 -29972.000000 
38.113972 700000 857 0 0 1 0 0 84 158 136 408 0 0 0 1 1662 -30011.000000 
38.164768 700000 857 0 0 0 0 0 89 158 153 476 0 0 0 0 1667 -30051.000000 
38.164768 700000 828 0 0 0 0 0 80 131 148 412 0 0 0 1 1670 -30051.000000 
38.214298 700000 842 0 0 0 0 1 108 162 152 418 0 0 0 0 1669 -30090.000000 
38.263828 700000 857 0 0 0 0 0 97 168 144 485 0 0 0 1 1694 -30129.000000 
38.314629 700000 842 0 0 0 0 1 84 150 143 454 0 0 0 1 1676 -30169.000000 
38.314629 700000 857 1 0 0 0 1 104 146 131 452 0 0 0 0 1672 -30169.000000 
38.364159 700000 828 0 0 1 1 0 99 169 145 423 0 0 0 1 1681 -30208.000000 
38.414959 700000 857 0 0 0 0 0 80 131 140 437 0 0 0 1 1680 -30248.000000 
38.464489 700000 842 0 0 0 0 0 105 158 165 455 0 0 0 1 1685 -30287.000000 
38.464489 700000 842 0 0 0 0 0 87 157 149 439 0 0 0 2 1679 -30287.000000 
38.514019 700000 842 0 0 0 0 0 95 159 151 437 0 0 0 0 1675 -30326.000000 
38.564819 700000 842 0 0 0 0 0 104 146 141 459 0 0 0 0 1681 -30366.000000 
38.564819 700000 857 0 0 0 0 0 95 163 144 434 0 0 0 0 1671 -30366.000000 
38.614349 700000 842 0 0 0 0 0 109 152 145 460 0 0 0 2 1673 -30405.000000 
38.665150 700000 842 0 0 0 0 0 97 170 143 467 0 0 0 0 1672 -30445.000000 
38.714680 700000 857 0 0 0 0 0 100 154 153 478 0 0 0 0 1676 -30484.000000 
38.714680 700000 842 0 0 0 0 0 92 160 167 418 0 0 0 1 1664 -30484.000000 
38.764210 700000 842 0 0 0 0 0 103 183 152 402 0 0 0 0 1668 -30523.000000 
38.815010 700000 857 0 0 0 2 1 84 150 153 434 0 0 0 0 1681 -30563.000000 
38.864540 700000 842 0 0 0 0 0 85 176 145 433 0 0 0 0 1671 -30602.000000 
38.864540 700000 857 0 0 0 0 0 110 140 161 453 0 0 0 0 1670 -30602.000000 
38.915340 700000 828 0 0 0 0 0 104 151 136 457 0 0 0 0 1679 -30642.000000 
38.964870 700000 842 0 0 0 1 0 97 154 151 416 0 0 0 1 1680 -30681.000000 
39.014400 700000 842 0 0 1 0 0 101 170 162 451 0 0 0 0 1684 -30720.000000 
39.014400 700000 842 0 0 0 0 0 115 163 143 474 0 0 0 0 1677 -30720.000000 
39.065201 700000 842 0 0 0 0 0 90 145 145 444 0 0 0 0 1676 -30760.000000 
39.114731 700000 842 0 0 0 0 0 94 159 150 495 0 0 0 1 1676 -30799.000000 
39.114731 700000 842 0 0 0 0 1 106 175 158 397 0 0 0 0 1666 -30799.000000 
39.165531 700000 857 0 0 0 0 0 84 158 149 462 0 0 0 0 1660 -30839.000000 
39.215061 700000 842 0 0 1 0 0 95 170 119 448 0 0 0 0 1675 -30878.000000 
39.264591 700000 857 0 0 0 0 1 93 148 142 446 0 0 0 0 1674 -30917.000000 
39.264591 700000 828 0 0 0 0 0 99 163 129 457 0 0 0 0 1669 -30917.000000 
39.315392 700000 857 0 0 0 0 0 80 134 182 456 0 0 0 1 1678 -30957.000000 
39.364922 700000 857 0 0 0 0 1 89 130 151 467 0 0 0 0 1690 -30996.000000 
39.415722 700000 842 0 0 0 0 0 98 146 142 449 0 0 0 0 1676 -31036.000000 
39.415722 700000 857 0 0 0 0 0 107 158 144 449 0 0 0 0 1686 -31036.000000 
39.465248 700000 842 1 0 0 0 0 96 172 149 430 0 0 0 0 1705 -31075.000000 
39.514778 700000 842 0 0 0 0 0 93 169 169 498 0 0 0 0 1702 -31114.000000 
39.565578 700000 857 0 0 0 0 0 78 155 159 463 0 0 0 1 1725 -31154.000000 
39.565578 700000 842 0 0 0 0 0 104 148 158 428 0 0 0 1 1708 -31154.000000 
39.615108 700000 857 0 0 1 0 0 109 179 113 426 0 0 0 0 1697 -31193.000000 
39.665909 700000 842 0 0 0 1 1 93 167 152 485 0 0 0 0 1708 -31233.000000 
39.665909 700000 857 0 0 1 0 0 100 136 140 426 0 0 0 0 1699 -31233.000000 
39.715439 700000 857 0 0 0 1 0 97 172 147 452 0 0 1 1 1715 -31272.000000 
39.764969 700000 857 0 0 0 0 0 97 154 143 459 0 0 0 0 1709 -31311.000000 
39.815769 700000 842 0 0 0 1 1 109 168 173 449 0 0 0 0 1704 -31351.000000 
39.815769 700000 857 0 0 0 1 0 93 153 156 442 0 0 0 0 1699 -31351.000000 
39.865299 700000 857 0 0 0 0 0 93 134 138 456 0 0 0 0 1702 -31390.000000 
39.916100 700000 871 0 0 0 0 0 114 156 166 448 0 0 0 0 1694 -31430.000000 
39.965630 700000 842 0 0 2 0 0 108 153 152 449 0 0 0 0 1698 -31469.000000 
39.965630 700000 857 0 0 0 0 2 101 159 144 444 0 0 0 1 1691 -31469.000000 
40.015160 700000 828 0 0 0 0 0 101 157 146 446 0 0 0 0 1687 -31508.000000 
40.065960 700000 842 0 0 0 1 0 85 149 162 497 0 0 0 0 1685 -31548.000000 
40.115490 700000 857 0 0 0 0 0 97 163 168 459 0 0 0 0 1704 -31587.000000 
40.115490 700000 842 0 0 0 0 0 79 180 146 458 0 0 0 0 1690 -31587.000000 
40.166290 700000 857 0 0 0 0 0 98 175 153 416 0 0 0 0 1699 -31627.000000 
40.215820 700000 842 0 0 0 0 0 103 165 137 471 0 0 0 0 1707 -31666.000000 
40.215820 700000 842 0 0 0 0 0 90 155 155 476 0 0 0 0 1691 -31666.000000 
40.265350 700000 857 0 0 0 0 0 98 163 138 430 0 0 0 0 1697 -31705.000000 
40.316151 700000 857 0 0 0 1 0 89 154 152 425 0 0 0 0 1691 -31745.000000 
40.365681 700000 871 0 0 0 1 0 93 154 136 442 0 0 0 0 1694 -31784.000000 
40.365681 700000 842 0 0 0 0 0 88 168 150 485 0 0 0 0 1684 -31784.000000 
40.416481 700000 842 0 0 0 0 0 85 152 150 434 0 0 0 0 1696 -31824.000000 
40.466011 700000 842 0 0 0 0 0 104 145 135 425 0 0 0 0 1686 -31863.000000 
40.515541 700000 842 0 0 0 0 0 103 154 128 470 0 0 0 0 1691 -31902.000000 
40.515541 700000 857 0 0 0 0 0 102 143 142 453 0 0 0 0 1685 -31902.000000 
40.566341 700000 828 0 0 0 0 0 106 150 149 446 0 0 0 0 1670 -31942.000000 
40.615871 700000 842 0 0 0 0 1 90 173 141 409 0 0 0 2 1683 -31981.000000 
40.666672 700000 842 0 0 0 0 1 92 157 150 453 0 0 0 0 1686 -32021.000000 
40.666672 700000 842 0 0 0 0 0 86 162 141 456 0 0 0 0 1685 -32021.000000 
40.716202 700000 857 0 0 0 1 0 91 169 134 468 0 0 0 2 1688 -32060.000000 
40.765732 700000 842 0 0 0 0 0 92 152 159 487 0 0 0 0 1686 -32099.000000 
40.765732 700000 857 0 0 0 0 1 106 166 150 422 0 0 0 0 1679 -32099.000000 
40.816528 700000 857 0 0 0 0 0 83 165 145 470 0 0 0 0 1697 -32139.000000 
40.866058 700000 842 0 0 0 2 1 90 161 187 435 0 0 0 0 1685 -32178.000000 
40.916859 700000 842 0 0 0 0 0 87 160 140 455 0 0 0 0 1673 -32218.000000 
40.916859 700000 842 1 0 0 0 1 101 166 150 476 0 0 0 0 1703 -32218.000000 
40.966389 700000 857 0 0 0 0 0 112 133 173 453 0 0 0 1 1681 -32257.000000 
41.015919 700000 857 0 0 0 0 0 104 153 147 485 0 0 0 0 1687 -32296.000000 
41.066719 700000 857 0 0 0 0 1 89 179 138 442 0 0 0 0 1680 -32336.000000 
41.066719 700000 857 0 0 0 0 0 82 156 157 462 0 0 0 0 1692 -32336.000000 
41.116249 700000 842 0 0 0 0 0 101 163 166 440 0 0 0 0 1686 -32375.000000 
41.167049 700000 857 0 0 0 0 0 98 128 154 453 0 0 0 0 1680 -32415.000000 
41.216579 700000 857 0 0 0 0 0 73 185 145 459 0 0 0 0 1683 -32454.000000 
41.216579 700000 842 0 0 0 0 0 102 154 145 519 0 0 0 1 1696 -32454.000000 
41.266109 700000 857 0 0 0 0 0 95 166 164 462 0 0 0 0 1694 -32493.000000 
41.316910 700000 842 0 0 0 0 0 86 156 143 457 0 0 0 1 1682 -32533.000000 
41.316910 700000 842 0 0 0 0 0 90 166 143 490 0 0 0 0 1681 -32533.000000 
41.366440 700000 842 0 0 0 0 0 98 150 149 422 0 0 0 0 1686 -32572.000000 
41.417240 700000 842 0 0 0 0 0 92 147 133 454 0 0 0 0 1681 -32612.000000 
41.466770 700000 857 0 0 0 1 0 92 189 132 432 0 0 0 1 1678 -32651.000000 
41.466770 700000 857 0 0 0 1 0 97 167 171 461 0 0 0 1 1696 -32651.000000 
41.517570 700000 842 0 0 0 0 0 104 130 142 421 0 0 0 0 1677 -32691.000000 
41.567101 700000 842 0 0 0 0 0 109 137 162 467 0 0 0 1 1686 -32730.000000 
41.616631 700000 842 0 0 0 0 0 95 166 132 426 0 0 0 1 1666 -32769.000000 
41.616631 700000 857 0 0 0 0 0 97 175 159 444 0 0 0 1 1675 -32769.000000 
41.667431 700000 857 0 0 0 1 0 105 170 145 450 0 0 0 1 1683 -32809.000000 
41.716961 700000 857 0 0 0 0 0 111 152 135 505 0 0 0 1 1672 -32848.000000 
41.766491 700000 842 0 0 0 0 1 94 154 153 465 0 0 0 0 1688 -32887.000000 
41.766491 700000 842 0 0 0 0 0 103 185 153 449 0 0 1 2 1689 -32887.000000 
41.817291 700000 857 0 0 0 0 0 105 161 140 464 0 0 0 0 1691 -32927.000000 
41.866821 700000 842 0 0 0 1 0 101 173 149 437 0 0 0 1 1677 -32966.000000 
41.866821 700000 857 0 0 0 0 0 117 150 146 451 0 0 0 1 1689 -32966.000000 
41.917622 700000 857 0 0 0 0 0 75 150 150 434 0 0 0 0 1681 -33006.000000 
41.967152 700000 842 0 0 0 0 1 97 153 190 421 0 0 0 1 1684 -33045.000000 
42.016682 700000 842 0 0 1 0 1 91 158 137 436 1 0 0 0 1683 -33084.000000 
42.016682 700000 842 0 0 0 0 0 107 159 127 474 0 0 0 1 1675 -33084.000000 
42.067478 700000 842 0 0 0 0 1 86 175 147 438 0 0 0 0 1670 -33124.000000 
42.117008 700000 857 0 0 0 0 0 102 155 135 447 0 0 0 0 1676 -33163.000000 
42.167809 700000 842 0 0 0 0 0 91 171 168 425 0 0 0 1 1673 -33203.000000 
42.167809 700000 857 0 0 0 0 1 98 155 144 416 0 0 0 0 1660 -33203.000000 
42.217339 700000 828 0 0 0 0 0 108 143 170 450 0 0 0 1 1670 -33242.000000 
42.266869 700000 842 0 0 0 0 0 110 164 129 501 0 1 0 4 1663 -33281.000000 
42.317669 700000 842 0 0 0 0 0 96 141 156 431 0 0 0 0 1679 -33321.000000 
42.317669 700000 842 0 0 0 0 0 96 156 143 441 0 0 0 1 1673 -33321.000000 
42.367199 700000 842 0 0 0 0 1 97 145 126 456 0 0 0 0 1673 -33360.000000 
42.417999 700000 842 0 0 0 0 0 102 165 175 419 0 0 0 0 1665 -33400.000000 
42.417999 700000 857 0 0 0 0 0 99 162 150 480 0 0 0 0 1664 -33400.000000 
42.467529 700000 857 0 0 0 2 0 99 160 150 483 0 0 0 0 1681 -33439.000000 
42.517059 700000 842 0 0 0 0 0 96 149 132 472 0 0 0 1 1688 -33478.000000 
42.567860 700000 857 0 0 0 0 0 92 154 154 461 0 0 0 0 1684 -33518.000000 
42.567860 700000 857 0 0 0 0 0 99 142 132 475 0 0 0 1 1684 -33518.000000 
42.617390 700000 842 0 0 0 0 0 102 152 148 467 0 0 0 1 1682 -33557.000000 
42.668190 700000 842 0 0 0 0 1 108 165 171 455 0 0 0 0 1684 -33597.000000 
42.717720 700000 842 0 0 0 0 0 106 151 130 452 0 0 0 2 1683 -33636.000000 
42.717720 700000 842 0 0 0 0 0 95 149 141 449 0 0 0 0 1681 -33636.000000 
42.767250 700000 842 0 0 0 0 0 98 150 153 417 0 0 0 0 1670 -33675.000000 
42.818050 700000 842 0 0 1 0 0 114 148 148 431 0 0 0 1 1666 -33715.000000 
42.867580 700000 842 0 0 0 0 0 104 160 159 413 0 0 0 0 1668 -33754.000000 
42.867580 700000 842 0 0 0 0 1 96 148 124 438 0 0 0 0 1674 -33754.000000 
42.918381 700000 842 0 0 0 0 1 90 147 143 468 0 0 0 0 1669 -33794.000000 
42.967911 700000 842 0 0 0 0 0 95 184 136 445 0 0 0 2 1668 -33833.000000 
42.967911 700000 857 0 0 0 0 1 86 158 175 445 0 0 0 1 1674 -33833.000000 
43.017441 700000 842 0 0 0 0 0 106 142 148 423 0 0 0 0 1676 -33872.000000 
43.068241 700000 842 0 0 0 0 0 93 173 149 403 0 0 0 0 1664 -33912.000000 
43.117771 700000 842 0 0 0 0 0 99 158 150 487 0 0 0 0 1678 -33951.000000 
43.117771 700000 842 0 0 1 0 0 110 158 138 447 0 0 0 0 1664 -33951.000000 
43.168571 700000 842 0 0 0 0 0 86 160 149 431 0 0 0 0 1660 -33991.000000 
43.218102 700000 857 0 0 0 0 1 92 158 145 438 0 0 0 0 1677 -34030.000000 
43.267632 700000 842 0 0 1 1 0 118 155 155 460 0 0 0 0 1663 -34069.000000 
43.267632 700000 857 0 0 0 0 0 109 141 151 426 0 0 0 0 1682 -34069.000000 
43.318432 700000 842 0 0 0 0 0 82 157 139 457 0 0 0 0 1678 -34109.000000 
43.367962 700000 857 0 0 0 0 0 98 138 155 431 0 0 0 0 1669 -34148.000000 
43.418758 700000 842 0 0 0 0 1 86 154 150 460 0 0 0 1 1674 -34188.000000 
43.418758 700000 842 0 0 0 0 0 97 143 154 458 0 0 0 0 1675 -34188.000000 
43.468288 700000 857 0 0 0 0 0 100 167 164 446 0 0 0 0 1678 -34227.000000 
43.517818 700000 842 0 0 0 0 0 76 153 160 460 0 0 0 0 1680 -34266.000000 
43.517818 700000 842 0 0 0 0 0 86 160 149 466 0 0 0 1 1685 -34266.000000 
43.568619 700000 857 0 0 0 0 0 87 149 152 470 0 0 0 0 1688 -34306.000000 
43.618149 700000 857 0 0 0 1 0 96 150 147 452 0 0 0 2 1699 -34345.000000 
43.668949 700000 857 0 0 0 1 0 95 161 166 459 0 0 0 1 1693 -34385.000000 
43.668949 700000 857 0 0 0 1 0 101 162 157 432 0 0 0 1 1685 -34385.000000 
43.718479 700000 857 0 0 0 0 1 88 159 117 443 0 0 0 1 1706 -34424.000000 
43.768009 700000 842 0 0 0 0 0 98 157 169 470 0 0 0 0 1702 -34463.000000 
43.818810 700000 857 0 0 0 1 0 87 149 150 483 0 0 0 1 1695 -34503.000000 
43.818810 700000 842 0 0 0 0 0 96 172 157 460 0 0 0 0 1689 -34503.000000 
43.868340 700000 842 0 0 0 0 1 92 157 133 451 0 0 0 0 1693 -34542.000000 
43.919140 700000 857 0 0 0 0 1 100 134 136 463 0 0 0 1 1692 -34582.000000 
43.968670 700000 857 0 0 0 0 1 106 147 169 464 0 0 0 0 1697 -34621.000000 
43.968670 700000 842 0 0 0 1 0 102 151 156 428 0 0 0 1 1685 -34621.000000 
44.018200 700000 857 1 0 0 0 0 105 167 155 435 0 0 0 0 1679 -34660.000000 
44.069000 700000 842 0 0 0 0 0 100 140 153 482 0 0 0 1 1688 -34700.000000 
44.069000 700000 842 0 0 0 0 0 95 156 152 442 0 0 0 0 1689 -34700.000000 
44.118530 700000 842 0 0 0 0 0 107 166 155 477 0 0 0 0 1704 -34739.000000 
44.169331 700000 842 0 0 0 0 0 91 154 169 446 0 0 0 0 1685 -34779.000000 
44.218861 700000 842 0 0 0 0 0 88 164 127 497 0 0 0 0 1675 -34818.000000 
44.218861 700000 842 0 0 0 0 0 78 163 147 423 0 0 0 0 1678 -34818.000000 
44.268391 700000 857 0 0 0 1 0 85 143 151 456 0 0 0 0 1670 -34857.000000 
44.319191 700000 842 0 0 0 1 1 108 183 131 428 0 0 0 0 1696 -34897.000000 
44.368721 700000 857 0 0 0 1 0 87 155 175 475 0 0 0 0 1697 -34936.000000 
44.368721 700000 842 0 0 0 0 1 92 165 140 443 0 0 0 1 1683 -34936.000000 
44.419521 700000 828 0 0 0 0 0 98 165 138 397 0 0 0 1 1674 -34976.000000 
44.469051 700000 857 0 0 0 0 0 71 174 129 479 0 0 0 2 1690 -35015.000000 
44.518581 700000 842 0 0 0 1 0 112 166 120 458 0 0 0 1 1666 -35054.000000 
44.518581 700000 857 0 0 0 1 0 102 142 143 423 0 0 0 0 1673 -35054.000000 
44.569382 700000 857 0 0 0 0 0 100 154 157 424 0 0 0 0 1689 -35094.000000 
44.618912 700000 842 0 0 0 0 0 97 150 164 461 0 0 0 0 1664 -35133.000000 
44.618912 700000 842 0 0 0 1 0 91 142 148 424 0 0 0 0 1684 -35133.000000 
44.669708 700000 857 0 0 0 0 0 97 147 147 457 0 0 0 0 1698 -35173.000000 
44.719238 700000 857 0 0 0 0 0 102 165 159 458 0 0 0 0 1670 -35212.000000 
44.768768 700000 857 0 0 0 1 0 76 166 136 450 0 0 0 1 1703 -35251.000000 
44.768768 700000 857 0 0 1 0 0 91 173 142 435 0 0 0 0 1693 -35251.000000 
44.819569 700000 857 0 0 0 0 0 85 150 147 475 0 0 0 1 1676 -35291.000000 
44.869099 700000 842 0 0 0 1 0 92 160 148 484 0 0 0 0 1707 -35330.000000 
44.919899 700000 842 0 0 0 0 0 86 145 164 445 0 0 0 0 1701 -35370.000000 
44.919899 700000 857 0 0 0 0 0 80 169 147 483 0 0 1 1 1696 -35370.000000 
44.969429 700000 857 0 0 0 0 0 104 171 172 477 0 1 0 0 1708 -35409.000000 
45.018959 700000 842 0 0 0 0 0 89 146 145 461 0 0 0 0 1683 -35448.000000 
45.069759 700000 842 0 0 1 0 0 107 145 164 437 0 0 0 2 1687 -35488.000000 
45.069759 700000 842 0 0 0 1 0 95 153 147 446 0 0 0 0 1696 -35488.000000 
45.119289 700000 842 0 0 0 0 0 82 153 154 475 0 0 0 0 1693 -35527.000000 
45.170090 700000 842 0 0 0 0 0 99 155 149 439 0 0 0 0 1694 -35567.000000 
45.170090 700000 857 0 0 0 0 0 111 173 154 461 0 0 0 2 1682 -35567.000000 
45.219620 700000 842 0 0 0 0 0 105 162 136 456 0 0 0 1 1693 -35606.000000 
45.269150 700000 857 0 0 0 0 0 68 158 137 454 0 0 0 0 1685 -35645.000000 
45.319950 700000 857 0 0 0 0 0 111 168 142 427 0 0 0 0 1683 -35685.000000 
45.319950 700000 857 0 0 0 0 0 99 164 139 467 0 0 0 0 1692 -35685.000000 
45.369480 700000 871 0 0 0 0 0 104 171 164 450 0 0 0 0 1695 -35724.000000 
45.420280 700000 842 0 0 0 0 0 100 166 164 447 0 0 0 0 1696 -35764.000000 
45.469810 700000 857 0 0 0 0 0 75 155 139 508 0 0 0 0 1689 -35803.000000 
45.469810 700000 842 0 0 0 0 0 98 176 172 458 0 0 0 0 1694 -35803.000000 
45.519341 700000 857 0 0 0 0 0 103 182 141 501 0 0 0 1 1709 -35842.000000 
45.570141 700000 857 0 0 0 1 0 105 159 147 462 0 0 0 0 1698 -35882.000000 
45.619671 700000 842 0 0 0 1 1 110 177 132 470 0 0 0 0 1693 -35921.000000 
45.619671 700000 857 0 0 0 1 0 88 156 132 468 0 0 0 0 1696 -35921.000000 
45.670471 700000 857 0 0 0 0 0 100 149 139 443 0 0 0 1 1697 -35961.000000 
45.720001 700000 857 0 0 0 0 0 111 158 166 452 0 0 0 0 1713 -36000.000000 
45.720001 700000 857 0 0 0 0 0 81 158 155 441 0 0 0 0 1701 -36000.000000 
45.769531 700000 842 0 0 0 0 0 89 153 147 481 0 0 0 1 1706 -36039.000000 
45.820332 700000 857 0 0 0 0 0 79 166 145 471 0 0 0 0 1702 -36079.000000 
45.869862 700000 857 0 0 0 0 0 105 164 149 470 0 0 0 0 1718 -36118.000000 
45.869862 700000 857 0 0 0 0 0 90 147 142 443 0 0 0 0 1694 -36118.000000 
45.920658 700000 857 0 0 0 1 0 89 159 151 433 0 0 0 1 1688 -36158.000000 
45.970188 700000 857 0 0 0 0 0 120 159 179 450 0 0 0 0 1718 -36197.000000 
46.019718 700000 857 0 0 0 1 0 101 177 143 470 0 0 0 0 1703 -36236.000000 
46.019718 700000 871 0 0 0 0 1 105 146 151 470 0 0 0 0 1713 -36236.000000 
46.070518 700000 857 0 0 0 0 0 123 144 136 443 0 0 0 0 1699 -36276.000000 
46.120049 700000 871 0 0 0 0 0 86 130 153 470 0 0 1 0 1722 -36315.000000 
46.170849 700000 842 0 0 0 0 0 102 166 148 474 0 0 0 1 1708 -36355.000000 
46.170849 700000 842 0 0 0 0 0 100 153 178 483 0 0 0 2 1704 -36355.000000 
46.220379 700000 857 0 0 1 0 0 101 133 153 458 0 0 0 0 1697 -36394.000000 
46.269909 700000 842 0 0 0 0 0 96 168 147 424 0 0 0 1 1691 -36433.000000 
46.269909 700000 857 0 0 0 0 0 95 157 144 487 0 0 0 1 1679 -36433.000000 
46.320709 700000 828 0 0 0 0 1 97 141 171 417 0 0 0 0 1679 -36473.000000 
46.370239 700000 842 0 0 0 0 0 100 156 156 454 0 0 0 0 1650 -36512.000000 
46.421040 700000 842 0 0 1 0 0 102 166 169 449 0 0 0 0 1672 -36552.000000 
46.421040 700000 842 0 0 0 0 0 89 166 157 447 0 0 0 0 1685 -36552.000000 
46.470570 700000 857 0 0 0 0 0 98 161 144 487 0 0 0 1 1679 -36591.000000 
46.520100 700000 842 0 0 1 0 0 111 177 137 431 0 0 0 0 1695 -36630.000000 
46.570900 700000 842 0 0 0 0 1 109 165 152 473 0 0 0 0 1674 -36670.000000 
46.570900 700000 842 0 0 0 0 0 88 178 137 422 0 0 0 1 1677 -36670.000000 
46.620430 700000 857 0 0 1 0 0 95 162 148 395 0 0 0 0 1677 -36709.000000 
46.671230 700000 857 0 0 0 0 1 82 154 148 459 0 0 0 0 1681 -36749.000000 
46.671230 700000 842 0 0 1 0 0 98 146 164 469 0 0 0 0 1685 -36749.000000 
46.720760 700000 842 0 0 1 1 1 95 176 157 443 0 0 1 0 1683 -36788.000000 
46.770290 700000 842 0 0 0 0 1 87 154 151 484 0 0 0 2 1690 -36827.000000 
46.821091 700000 842 0 0 0 0 0 82 169 124 424 0 0 0 0 1685 -36867.000000 
46.821091 700000 842 0 0 0 0 0 102 161 144 486 0 0 0 0 1674 -36867.000000 
46.870621 700000 842 0 0 0 0 0 85 153 164 434 0 0 0 2 1693 -36906.000000 
46.921421 700000 842 0 0 1 0 1 89 141 144 434 0 0 0 0 1669 -36946.000000 
46.970951 700000 857 0 0 0 0 0 84 159 173 462 0 0 0 0 1677 -36985.000000 
46.970951 700000 842 0 0 0 0 1 113 150 157 487 0 0 0 1 1673 -36985.000000 
47.020481 700000 857 0 0 0 0 0 90 158 142 426 0 1 0 0 1677 -37024.000000 
47.071281 700000 842 0 0 0 1 0 94 147 154 475 0 0 0 0 1683 -37064.000000 
47.120811 700000 842 0 0 0 0 0 114 176 147 427 0 0 0 0 1681 -37103.000000 
47.120811 700000 857 0 0 0 1 0 108 156 145 457 0 0 0 0 1667 -37103.000000 
47.171612 700000 842 0 0 0 0 0 100 155 150 474 2 0 0 0 1654 -37143.000000 
47.221142 700000 842 0 0 0 0 0 96 166 142 434 0 0 0 0 1673 -37182.000000 
47.221142 700000 842 0 0 0 1 0 83 178 131 454 0 0 1 1 1645 -37182.000000 
47.270672 700000 857 0 0 1 1 0 84 134 160 456 0 0 0 1 1661 -37221.000000 
47.321468 700000 857 0 0 0 2 0 104 170 168 428 0 0 0 0 1672 -37261.000000 
47.370998 700000 842 0 0 0 0 1 108 155 142 478 0 0 0 1 1660 -37300.000000 
47.370998 700000 842 0 0 0 0 0 112 137 156 460 0 0 0 0 1658 -37300.000000 
47.421799 700000 828 0 0 0 0 0 86 162 158 410 0 0 0 0 1660 -37340.000000 
47.471329 700000 842 0 0 0 0 0 93 142 138 424 0 1 0 1 1656 -37379.000000 
47.520859 700000 857 0 0 0 1 0 98 150 136 386 0 0 0 0 1658 -37418.000000 
47.520859 700000 842 0 0 0 1 0 88 171 120 439 0 0 0 1 1674 -37418.000000 
47.571659 700000 842 0 0 0 0 3 115 157 145 468 0 0 0 0 1657 -37458.000000 
47.621189 700000 842 0 0 0 0 1 99 153 132 438 0 0 0 0 1663 -37497.000000 
47.671989 700000 842 0 0 0 1 0 75 156 129 446 0 0 0 1 1660 -37537.000000 
47.671989 700000 828 0 0 0 2 0 107 158 150 475 0 1 1 0 1647 -37537.000000 
47.721519 700000 842 0 0 0 2 1 100 166 156 423 0 0 0 0 1645 -37576.000000 
47.771049 700000 842 0 0 0 0 0 90 156 148 461 0 0 0 1 1658 -37615.000000 
47.821850 700000 828 0 1 0 1 0 82 160 146 451 0 0 0 0 1647 -37655.000000 
47.821850 700000 857 0 0 0 0 0 95 158 154 465 0 0 0 1 1655 -37655.000000 
47.871380 700000 828 0 0 0 2 0 93 159 134 417 0 0 0 2 1662 -37694.000000 
47.922180 700000 828 0 0 0 2 0 90 171 147 458 1 1 3 7 1661 -37734.000000 
47.922180 700000 842 0 0 0 0 0 103 162 167 447 0 0 0 1 1670 -37734.000000 
47.971710 700000 842 0 0 0 2 0 90 166 147 476 2 0 1 1 1674 -37773.000000 
48.021240 700000 857 0 0 0 3 0 101 184 155 467 2 0 1 3 1660 -37812.000000 
48.072041 700000 842 0 0 0 2 0 85 150 154 427 0 1 1 2 1670 -37852.000000 
48.072041 700000 842 0 0 1 5 1 98 166 168 444 1 1 1 2 1669 -37852.000000 
48.121571 700000 842 0 1 0 4 2 101 169 153 452 1 3 3 8 1675 -37891.000000 
48.172371 700000 842 0 1 0 4 1 91 146 133 495 1 0 2 8 1666 -37931.000000 
48.221901 700000 857 0 0 0 6 0 89 178 120 426 2 0 1 7 1653 -37970.000000 
48.221901 700000 842 0 0 0 12 0 97 158 142 443 5 5 4 13 1676 -37970.000000 
48.271431 700000 842 0 0 0 12 0 107 168 165 462 3 4 4 10 1663 -38009.000000 
48.322231 700000 828 0 0 0 11 1 101 178 171 447 2 4 2 10 1659 -38049.000000 
48.371761 700000 842 0 0 0 13 0 85 168 130 455 2 9 3 15 1680 -38088.000000 
48.371761 700000 842 0 0 0 20 1 103 149 146 456 0 4 9 20 1683 -38088.000000 
48.422562 700000 842 0 0 0 20 1 100 137 166 463 2 10 6 24 1694 -38128.000000 
48.472092 700000 842 0 0 0 31 0 108 155 136 474 6 3 7 21 1665 -38167.000000 
48.472092 700000 842 1 1 0 27 0 110 180 167 497 3 17 8 28 1693 -38167.000000 
48.521622 700000 842 0 0 0 33 0 99 157 127 483 3 15 9 35 1689 -38206.000000 
48.572418 700000 842 0 0 0 35 0 113 170 169 455 4 14 16 51 1694 -38246.000000 
48.621948 700000 842 0 1 0 46 0 100 176 159 485 8 11 18 53 1690 -38285.000000 
48.621948 700000 857 1 1 0 69 0 92 161 139 471 11 18 15 55 1695 -38285.000000 
48.672749 700000 857 0 2 0 64 0 95 181 183 450 18 18 21 66 1699 -38325.000000 
48.722279 700000 842 0 0 0 76 0 93 185 155 481 5 29 20 69 1699 -38364.000000 
48.771809 700000 842 0 0 2 67 0 91 150 129 460 18 32 23 88 1700 -38403.000000 
48.771809 700000 842 0 1 0 106 0 105 162 161 458 12 34 23 90 1700 -38403.000000 
48.822609 700000 857 1 1 0 87 0 98 173 161 482 17 39 30 125 1717 -38443.000000 
48.872139 700000 842 1 0 1 104 0 117 197 164 467 17 43 37 112 1711 -38482.000000 
48.922939 700000 857 2 2 0 123 0 112 182 167 499 20 42 29 125 1738 -38522.000000 
48.922939 700000 842 2 3 0 140 0 92 163 167 485 22 65 43 173 1746 -38522.000000 
48.972469 700000 842 1 1 1 166 0 91 142 148 463 22 63 63 182 1720 -38561.000000 
49.021999 700000 857 0 3 0 215 0 99 189 171 507 33 82 65 217 1753 -38600.000000 
49.021999 700000 842 1 3 0 236 0 109 160 165 525 42 81 71 257 1762 -38600.000000 
49.072800 700000 842 0 2 0 271 0 78 183 187 512 42 91 71 275 1763 -38640.000000 
49.122330 700000 842 3 6 3 348 0 131 176 163 548 42 124 92 345 1780 -38679.000000 
49.173130 700000 842 3 6 1 298 0 114 188 178 525 42 127 73 349 1765 -38719.000000 
49.173130 700000 857 3 4 1 371 0 135 192 180 554 64 139 90 447 1812 -38719.000000 
49.222660 700000 842 2 3 6 423 2 121 204 166 553 56 164 159 458 1829 -38758.000000 
49.272190 700000 857 4 9 2 429 0 129 177 189 554 91 189 146 507 1808 -38797.000000 
49.322990 700000 842 8 2 2 527 0 113 184 202 571 90 216 151 583 1851 -38837.000000 
49.322990 700000 842 4 8 1 571 0 138 210 177 572 93 222 198 640 1852 -38837.000000 
49.372520 700000 857 7 8 4 626 0 97 216 152 580 110 266 202 707 1854 -38876.000000 
49.423321 700000 857 4 7 6 679 1 126 187 205 601 124 274 214 804 1911 -38916.000000 
49.472851 700000 857 3 9 3 721 2 110 195 214 635 132 306 233 870 1942 -38955.000000 
49.472851 700000 842 10 10 7 823 1 126 219 196 613 128 301 265 924 1952 -38955.000000 
49.522381 700000 857 4 10 8 883 1 127 222 232 643 149 354 282 1069 1989 -38994.000000 
49.573181 700000 842 6 13 4 933 0 140 248 199 673 142 371 334 1052 2013 -39034.000000 
49.622711 700000 842 10 12 4 1013 0 140 218 221 677 151 404 333 1190 2004 -39073.000000 
49.622711 700000 857 9 23 5 1112 0 154 252 234 720 169 430 370 1324 2038 -39073.000000 
49.673512 700000 842 9 15 4 1111 0 142 233 224 775 169 484 413 1298 2044 -39113.000000 
49.723042 700000 857 7 13 3 1282 0 162 255 247 758 188 506 420 1490 2068 -39152.000000 
49.723042 700000 842 11 10 4 1304 0 179 255 230 720 224 544 450 1629 2146 -39152.000000 
49.772572 700000 842 14 15 6 1457 0 167 255 249 743 205 529 458 1583 2052 -39191.000000 
49.823372 700000 842 12 21 4 1505 0 181 249 279 761 248 586 495 1811 2181 -39231.000000 
49.872898 700000 842 9 27 8 1481 0 145 289 246 849 256 589 514 1864 2154 -39270.000000 
49.872898 700000 857 14 25 9 1608 0 185 285 289 824 280 588 540 2015 2216 -39270.000000 
49.923698 700000 842 13 28 10 1667 0 186 332 268 864 274 672 583 2177 2292 -39310.000000 
49.973228 700000 857 10 32 9 1829 0 180 292 284 828 299 722 597 2241 2220 -39349.000000 
50.022758 700000 842 13 21 16 1926 0 173 290 296 880 336 691 616 2336 2348 -39388.000000 
50.022758 700000 842 21 31 11 1996 0 170 342 290 937 313 822 652 2501 2350 -39388.000000 
50.073559 700000 857 17 30 13 1964 0 188 282 293 881 328 760 659 2421 2327 -39428.000000 
50.123089 700000 857 18 31 9 1990 1 210 348 304 952 337 773 657 2621 2405 -39467.000000 
50.173889 700000 842 14 24 14 2084 0 176 324 287 974 358 784 672 2580 2380 -39507.000000 
50.173889 700000 842 13 35 13 2139 2 168 318 309 897 346 813 713 2740 2435 -39507.000000 
50.223419 700000 842 13 27 10 2159 0 196 320 332 965 368 832 718 2844 2363 -39546.000000 
50.272949 700000 842 14 33 12 2192 2 192 327 308 927 393 860 736 2702 2395 -39585.000000 
50.323750 700000 842 21 24 12 2240 0 196 300 297 953 352 719 739 2700 2337 -39625.000000 
50.323750 700000 857 22 30 11 2210 1 199 329 309 892 367 932 727 2935 2467 -39625.000000 
50.373280 700000 857 12 34 11 2343 0 206 305 291 913 427 870 773 2997 2465 -39664.000000 
50.424080 700000 857 17 30 16 2205 0 200 335 306 896 392 835 747 2983 2478 -39704.000000 
50.424080 700000 842 15 19 3 2262 0 180 355 318 916 368 895 676 2850 2487 -39704.000000 
50.473610 700000 842 24 30 6 2139 0 197 363 296 947 372 856 811 2883 2361 -39743.000000 
50.523140 700000 842 17 28 9 2190 0 163 307 297 931 361 803 703 2818 2385 -39782.000000 
50.573940 700000 857 25 28 4 2251 0 172 308 304 886 390 829 721 2840 2385 -39822.000000 
50.573940 700000 857 20 41 9 2044 0 190 333 291 882 388 821 722 2706 2366 -39822.000000 
50.624741 700000 828 16 20 11 2064 0 191 330 280 889 369 766 676 2685 2397 -39862.000000 
50.674271 700000 842 23 30 15 2050 0 191 311 274 896 350 781 712 2779 2374 -39901.000000 
50.723801 700000 857 15 22 12 1897 0 155 296 268 871 338 741 671 2584 2349 -39940.000000 
50.723801 700000 857 16 37 9 1898 1 177 323 266 856 311 748 629 2520 2283 -39940.000000 
50.773331 700000 857 21 22 7 1798 0 193 295 274 846 285 725 576 2356 2336 -39979.000000 
50.824131 700000 842 17 23 7 1754 0 173 301 247 865 323 672 583 2344 2252 -40019.000000 
50.873661 700000 857 24 30 7 1654 0 171 276 264 816 303 644 618 2269 2253 -40058.000000 
50.873661 700000 842 15 24 11 1714 1 151 270 239 801 260 656 575 2203 2216 -40058.000000 
50.924461 700000 842 18 19 4 1527 1 155 259 255 772 289 606 526 2026 2198 -40098.000000 
50.973991 700000 857 17 21 5 1502 1 171 293 235 838 259 601 521 2066 2238 -40137.000000 
50.973991 700000 842 6 23 5 1403 1 160 276 261 772 241 532 436 1872 2137 -40137.000000 
51.023521 700000 857 11 17 7 1351 0 146 239 229 736 215 484 411 1753 2129 -40176.000000 
51.074322 700000 857 11 17 6 1227 0 149 285 237 732 222 451 381 1567 2099 -40216.000000 
51.123852 700000 842 8 11 4 1120 0 121 247 254 685 208 447 382 1529 2056 -40255.000000 
51.123852 700000 842 13 18 5 1100 1 138 252 227 689 211 417 329 1417 2049 -40255.000000 
51.174648 700000 857 9 18 8 953 0 137 237 184 638 165 385 367 1417 2038 -40295.000000 
51.224178 700000 842 9 15 5 882 0 144 231 228 588 162 309 280 1187 1975 -40334.000000 
51.273708 700000 842 5 15 2 852 0 107 245 222 655 142 318 271 1115 1977 -40373.000000 
51.273708 700000 842 7 15 4 736 0 119 226 209 602 130 264 272 977 1897 -40373.000000 
51.324509 700000 857 6 10 5 618 0 120 227 183 593 126 234 228 888 1917 -40413.000000 
51.374039 700000 857 6 9 2 646 0 108 231 227 613 113 261 234 900 1919 -40452.000000 
51.424839 700000 842 6 12 4 566 0 97 219 202 602 107 208 187 860 1872 -40492.000000 
51.424839 700000 842 5 8 3 552 0 104 202 207 556 95 186 162 736 1868 -40492.000000 
51.474369 700000 842 2 7 2 474 0 123 173 201 549 86 169 144 695 1863 -40531.000000 
51.523899 700000 842 2 8 2 475 1 97 214 184 564 83 193 154 656 1830 -40570.000000 
51.574699 700000 857 4 2 2 370 0 105 189 201 494 72 133 112 487 1810 -40610.000000 
51.574699 700000 857 5 5 5 354 1 126 178 176 526 58 142 116 490 1800 -40610.000000 
51.624229 700000 842 2 1 2 292 1 114 176 161 499 55 109 107 418 1781 -40649.000000 
51.675030 700000 842 3 2 1 292 0 97 185 156 497 60 116 106 379 1768 -40689.000000 
51.675030 700000 842 2 2 2 263 0 107 195 156 455 44 89 75 327 1746 -40689.000000 
51.724560 700000 857 3 5 3 232 0 87 181 178 493 44 88 75 302 1739 -40728.000000 
51.774090 700000 842 6 2 2 193 0 101 172 177 453 28 83 69 232 1736 -40767.000000 
51.824890 700000 857 2 0 0 176 0 93 162 153 467 38 70 74 267 1743 -40807.000000 
51.824890 700000 857 1 2 1 144 0 84 192 180 475 29 73 49 244 1739 -40807.000000 
51.874420 700000 842 0 4 1 144 0 105 153 159 480 23 53 47 181 1721 -40846.000000 
51.925220 700000 842 0 2 0 105 0 113 192 155 429 14 46 38 146 1704 -40886.000000 
51.974751 700000 842 3 1 3 109 1 97 150 135 470 24 38 20 129 1706 -40925.000000 
51.974751 700000 842 0 3 2 83 0 77 156 139 483 14 31 39 131 1682 -40925.000000 
52.024281 700000 842 1 0 0 68 1 91 171 161 486 15 36 31 93 1711 -40964.000000 
52.075081 700000 842 0 0 0 57 0 93 161 155 441 13 29 25 72 1694 -41004.000000 
52.124611 700000 842 0 1 0 43 0 107 162 150 482 15 28 21 77 1685 -41043.000000 
52.124611 700000 842 1 2 1 48 1 104 148 148 456 9 19 9 53 1684 -41043.000000 
52.175411 700000 842 0 0 0 44 0 83 168 164 455 7 15 15 60 1674 -41083.000000 
52.224941 700000 842 1 1 0 38 0 87 152 134 454 6 11 7 43 1667 -41122.000000 
52.274471 700000 842 2 0 1 31 0 95 147 133 417 9 11 13 46 1685 -41161.000000 
52.274471 700000 842 0 0 0 28 1 102 156 141 445 6 13 9 32 1674 -41161.000000 
52.325272 700000 842 0 0 0 23 0 88 189 138 438 6 15 9 31 1680 -41201.000000 
52.374802 700000 857 0 0 0 15 0 96 154 162 448 5 10 10 22 1693 -41240.000000 
52.374802 700000 842 0 0 0 10 0 78 139 155 451 2 6 4 25 1689 -41240.000000 
52.425598 700000 842 1 0 0 11 0 110 142 152 447 1 3 5 17 1676 -41280.000000 
52.475128 700000 842 0 0 0 7 0 99 172 139 445 3 6 3 14 1688 -41319.000000 
52.524658 700000 842 0 0 0 8 1 95 177 170 463 1 5 0 16 1700 -41358.000000 
52.524658 700000 857 0 0 0 2 0 86 177 163 463 2 0 0 8 1688 -41358.000000 
52.576729 700000 842 0 0 0 2 0 92 184 155 475 2 1 1 8 1690 -41399.000000 
52.624989 700000 842 0 0 0 8 0 69 150 161 476 1 0 5 8 1677 -41437.000000 
52.675789 700000 857 0 0 0 3 0 93 163 140 462 0 3 1 7 1677 -41477.000000 
52.675789 700000 842 0 0 0 4 0 104 160 138 433 1 4 0 6 1671 -41477.000000 
52.725319 700000 842 0 0 0 3 0 96 150 149 419 0 2 2 6 1681 -41516.000000 
52.774849 700000 828 0 0 0 1 1 93 132 154 444 1 1 1 3 1672 -41555.000000 
52.825649 700000 857 0 0 0 1 0 94 162 154 488 1 1 3 1 1676 -41595.000000 
52.825649 700000 842 0 0 0 2 0 88 180 155 438 0 0 0 2 1671 -41595.000000 
52.875179 700000 842 0 0 0 1 0 99 173 145 474 0 0 0 1 1657 -41634.000000 
52.925980 700000 857 0 0 0 4 0 83 183 156 402 0 1 0 5 1682 -41674.000000 
52.925980 700000 828 0 0 0 0 0 92 138 156 453 1 0 0 2 1652 -41674.000000 
52.975510 700000 857 0 0 0 1 0 100 174 154 463 0 1 1 5 1672 -41713.000000 
53.025040 700000 857 0 0 1 3 0 94 163 164 437 0 0 0 1 1677 -41752.000000 
53.075840 700000 842 0 0 0 1 0 93 163 145 468 0 0 0 1 1670 -41792.000000 
53.075840 700000 857 0 0 0 0 0 93 162 161 451 0 1 0 2 1671 -41792.000000 
53.126640 700000 842 0 0 0 2 0 73 167 135 433 0 0 0 0 1672 -41832.000000 
53.176170 700000 857 0 0 0 0 0 96 165 162 441 0 0 0 0 1660 -41871.000000 
53.225700 700000 842 0 0 1 0 2 87 135 144 430 0 0 0 3 1675 -41910.000000 
53.225700 700000 842 0 0 0 0 0 99 174 169 459 0 0 0 0 1663 -41910.000000 
53.275230 700000 842 0 0 0 0 0 84 143 140 415 0 0 0 2 1674 -41949.000000 
53.326031 700000 842 0 0 0 0 0 88 168 153 433 0 0 0 0 1650 -41989.000000 
53.375561 700000 857 0 0 0 0 0 98 185 152 465 0 0 0 1 1683 -42028.000000 
53.375561 700000 842 0 0 0 0 0 88 153 141 441 0 0 0 1 1664 -42028.000000 
53.426361 700000 842 0 0 0 0 0 104 169 145 444 0 0 1 0 1674 -42068.000000 
53.475891 700000 857 0 0 0 0 0 95 156 150 457 0 0 0 1 1680 -42107.000000 
53.475891 700000 842 0 0 0 0 0 98 166 157 439 0 0 0 1 1690 -42107.000000 
53.525421 700000 842 0 0 0 0 1 91 166 141 422 0 0 0 0 1677 -42146.000000 
53.576221 700000 842 0 0 0 1 1 110 148 130 401 0 0 0 0 1674 -42186.000000 
53.625751 700000 842 0 0 0 0 1 119 148 148 436 0 0 0 0 1690 -42225.000000 
53.625751 700000 857 0 0 0 0 1 82 180 140 464 0 0 0 1 1685 -42225.000000 
53.676552 700000 842 0 0 0 0 0 106 153 147 459 0 0 0 1 1678 -42265.000000 
53.726082 700000 842 0 0 0 0 0 85 150 134 457 0 0 0 0 1668 -42304.000000 
53.775612 700000 842 0 0 0 0 0 84 149 153 447 0 0 0 3 1679 -42343.000000 
53.775612 700000 842 0 0 0 0 0 109 137 134 445 0 0 0 0 1673 -42343.000000 
53.826408 700000 842 0 0 0 0 0 80 164 152 432 0 0 0 0 1670 -42383.000000 
53.875938 700000 842 0 0 0 0 0 80 153 154 431 0 0 0 1 1684 -42422.000000 
53.926739 700000 857 0 0 0 0 0 90 156 154 440 0 0 0 1 1658 -42462.000000 
53.926739 700000 842 0 0 0 0 0 107 161 142 463 0 0 0 0 1701 -42462.000000 
53.976269 700000 842 0 0 0 0 0 89 149 151 427 0 0 0 0 1665 -42501.000000 
54.025799 700000 842 0 0 0 0 0 89 180 146 428 0 0 0 0 1683 -42540.000000 
54.025799 700000 842 0 0 0 0 0 101 145 113 462 0 0 0 0 1695 -42540.000000 
54.076599 700000 857 0 0 0 1 0 119 179 163 451 0 0 0 0 1674 -42580.000000 
54.126129 700000 857 0 0 0 2 0 89 155 141 467 0 0 0 1 1681 -42619.000000 
54.176929 700000 842 0 0 0 0 2 102 157 142 447 0 0 0 1 1681 -42659.000000 
54.176929 700000 842 0 0 0 0 0 97 161 133 439 0 0 0 0 1662 -42659.000000 
54.226460 700000 828 0 0 0 0 0 81 159 148 482 0 0 0 1 1686 -42698.000000 
54.275990 700000 857 0 0 1 0 0 98 165 157 485 0 0 0 1 1689 -42737.000000 
54.326790 700000 842 0 0 1 1 0 81 164 149 450 0 0 0 0 1678 -42777.000000 
54.326790 700000 857 0 0 0 0 0 95 142 166 428 0 0 1 0 1694 -42777.000000 
54.376320 700000 857 0 0 0 0 0 93 167 136 462 0 0 0 1 1687 -42816.000000 
54.427120 700000 842 0 0 0 1 0 110 152 171 424 0 0 0 1 1675 -42856.000000 
54.476650 700000 842 0 0 1 0 1 108 181 149 439 0 0 0 0 1672 -42895.000000 
54.476650 700000 842 0 0 0 0 0 84 174 168 393 0 0 0 1 1683 -42895.000000 
54.526180 700000 842 0 0 0 0 1 114 138 153 454 0 0 0 0 1677 -42934.000000 
54.576981 700000 857 0 0 0 0 0 99 153 160 453 0 0 0 0 1684 -42974.000000 
54.576981 700000 842 0 0 0 0 0 97 155 141 462 0 0 0 0 1678 -42974.000000 
54.626511 700000 828 0 0 0 0 0 101 159 163 426 0 0 0 0 1669 -43013.000000 
54.677311 700000 842 0 0 0 0 0 94 177 124 446 0 0 0 1 1675 -43053.000000 
54.726841 700000 842 0 0 0 0 0 97 144 149 463 0 0 0 3 1684 -43092.000000 
54.726841 700000 857 0 0 0 1 1 74 149 147 486 0 0 0 0 1681 -43092.000000 
54.776371 700000 828 0 0 0 0 0 91 177 143 437 0 0 0 0 1669 -43131.000000 
54.827171 700000 842 0 0 0 1 0 94 163 153 455 0 0 0 1 1678 -43171.000000 
54.876701 700000 857 0 0 0 0 0 102 171 159 455 0 0 0 1 1675 -43210.000000 
54.876701 700000 842 0 0 0 0 0 92 151 155 430 0 0 0 0 1696 -43210.000000 
54.927502 700000 842 0 0 0 0 1 82 145 120 448 0 0 0 2 1695 -43250.000000 
54.977032 700000 842 0 0 0 2 1 109 147 142 433 0 0 0 0 1686 -43289.000000 
